# Edges: fromIndex, toIndex, edgeCost
0,2,34
0,3,15
0,12,32
0,18,36
0,26,19
0,28,35
0,43,17
0,47,18
0,54,21
0,61,45
0,72,30
0,74,10
0,76,19
0,87,43
0,89,52
0,92,33
1,2,19
1,12,26
1,30,51
1,32,22
1,40,65
1,41,33
1,42,46
1,57,9
1,61,19
1,64,15
1,66,22
1,82,20
1,91,54
2,11,25
2,12,44
2,17,5
2,27,32
2,29,60
2,40,51
2,42,34
2,44,72
2,59,54
2,62,48
2,70,39
2,72,44
2,76,27
2,83,27
2,87,68
2,91,72
2,94,34
3,10,16
3,13,52
3,22,20
3,25,36
3,26,11
3,30,70
3,42,51
3,43,25
3,44,47
3,47,33
3,49,27
3,51,51
3,58,77
3,60,28
3,62,73
3,63,25
3,73,44
3,75,52
3,83,66
3,86,13
3,88,46
3,92,25
3,93,33
3,99,23
4,10,16
4,13,40
4,20,31
4,21,29
4,26,22
4,29,43
4,35,41
4,36,55
4,48,71
4,65,64
4,71,59
4,78,38
4,81,46
4,82,19
4,87,71
4,95,23
4,96,70
5,6,59
5,12,54
5,16,108
5,17,30
5,24,99
5,33,63
5,42,59
5,48,98
5,52,66
5,54,68
5,85,77
5,87,95
5,89,30
5,98,58
5,99,85
6,7,62
6,16,69
6,17,42
6,24,56
6,25,19
6,32,11
6,38,68
6,39,24
6,41,59
6,46,46
6,51,49
6,63,10
6,66,49
6,67,52
6,76,49
6,83,64
6,97,71
6,98,3
7,13,24
7,17,20
7,27,47
7,35,10
7,36,32
7,39,65
7,48,81
7,49,58
7,53,90
7,61,22
7,85,59
7,87,76
7,91,87
7,92,52
7,97,86
8,9,41
8,10,41
8,11,58
8,33,63
8,34,63
8,35,53
8,41,55
8,42,72
8,46,74
8,56,83
8,58,93
8,60,49
8,79,22
8,81,70
9,14,53
9,15,24
9,20,55
9,24,76
9,29,65
9,36,34
9,44,73
9,49,50
9,56,53
9,62,45
9,63,49
9,68,42
9,69,40
9,70,40
9,72,49
9,74,46
9,80,14
9,90,50
9,92,44
10,19,15
10,28,37
10,30,63
10,37,24
10,62,71
10,69,22
10,79,35
10,85,48
10,94,5
10,99,39
11,16,56
11,19,21
11,28,49
11,30,44
11,33,19
11,39,32
11,41,22
11,43,24
11,54,16
11,63,44
11,73,27
11,74,24
11,78,11
11,80,22
11,95,39
12,15,51
12,19,28
12,34,39
12,44,69
12,50,66
12,52,73
12,62,86
12,65,69
12,81,64
12,83,59
12,90,2
12,91,27
12,92,7
12,97,76
13,20,70
13,24,69
13,27,44
13,28,73
13,32,52
13,41,7
13,43,44
13,45,66
13,55,40
13,57,39
13,60,72
13,70,62
13,73,26
13,75,11
13,77,39
13,80,30
13,82,59
13,95,35
14,18,64
14,19,49
14,28,53
14,40,40
14,43,18
14,48,22
14,49,68
14,50,93
14,55,43
14,63,67
14,65,7
14,80,51
14,84,73
14,91,81
14,93,72
14,94,48
14,98,57
15,20,61
15,21,58
15,23,46
15,34,20
15,37,53
15,44,51
15,45,62
15,61,41
15,67,29
15,69,26
15,71,24
15,76,5
15,77,27
15,82,54
15,84,57
15,85,27
15,98,48
16,18,86
16,20,85
16,30,94
16,31,30
16,36,83
16,44,11
16,57,86
16,58,80
16,62,79
16,74,46
16,76,56
16,79,96
16,88,65
16,91,80
16,94,63
16,99,37
17,18,20
17,20,46
17,21,35
17,33,34
17,34,30
17,59,49
17,61,18
17,63,39
17,65,57
17,66,24
17,74,37
17,76,24
17,80,4
17,86,37
17,99,59
18,21,23
18,30,56
18,39,45
18,42,54
18,49,24
18,54,52
18,62,71
18,63,24
18,64,20
18,71,66
18,75,54
18,78,45
18,83,32
18,93,20
18,96,76
18,98,30
19,20,35
19,21,36
19,24,63
19,25,36
19,32,21
19,35,40
19,40,60
19,50,49
19,57,13
19,81,39
19,88,33
19,91,56
19,97,70
19,99,50
20,25,3
20,30,83
20,33,44
20,38,61
20,39,40
20,46,60
20,48,81
20,59,14
20,68,21
20,72,14
20,73,50
20,78,55
20,89,27
21,26,48
21,28,79
21,31,86
21,32,50
21,33,63
21,42,68
21,45,17
21,55,47
21,57,23
21,59,55
21,60,53
21,69,61
21,76,60
21,78,66
21,89,16
22,24,61
22,28,40
22,32,10
22,40,75
22,45,30
22,47,40
22,56,50
22,63,11
22,65,63
22,66,34
22,68,22
22,72,11
22,73,33
22,74,27
22,80,23
22,84,16
22,86,30
22,87,69
23,24,73
23,38,43
23,39,42
23,40,78
23,43,53
23,44,78
23,45,18
23,47,47
23,49,16
23,55,23
23,58,84
23,62,77
23,71,70
23,81,58
23,85,62
23,86,41
23,89,16
23,93,12
23,98,24
24,28,34
24,30,90
24,33,35
24,34,39
24,39,32
24,45,92
24,53,7
24,63,66
24,64,71
24,71,62
24,73,76
24,77,29
24,81,63
24,82,84
24,87,28
24,96,12
24,98,54
25,29,25
25,37,32
25,39,43
25,43,61
25,44,83
25,46,62
25,54,67
25,69,47
25,71,87
25,76,61
25,79,46
25,81,75
25,84,6
25,86,48
25,92,13
25,98,21
26,28,31
26,31,37
26,39,20
26,40,73
26,44,57
26,46,36
26,51,42
26,59,19
26,71,62
26,73,38
26,77,37
26,95,45
26,96,55
26,99,34
27,34,20
27,40,66
27,65,51
27,68,34
27,69,15
27,73,33
27,76,30
27,83,54
27,91,43
27,96,52
28,30,92
28,33,29
28,36,88
28,39,16
28,43,35
28,44,46
28,48,48
28,53,41
28,62,91
28,63,39
28,72,31
28,73,67
28,85,50
28,87,57
28,89,66
28,90,36
28,94,33
28,98,27
29,30,91
29,37,11
29,40,95
29,43,48
29,52,82
29,53,62
29,56,57
29,63,21
29,73,61
29,77,52
29,78,50
29,81,75
29,82,43
29,83,77
29,84,27
29,86,36
29,91,15
29,99,31
30,37,84
30,41,21
30,44,83
30,61,44
30,62,26
30,67,31
30,68,69
30,72,76
30,74,67
30,77,61
30,81,28
30,82,67
30,89,69
30,94,64
30,95,35
30,96,83
30,97,86
31,35,84
31,49,51
31,65,40
31,70,95
31,72,42
31,74,23
31,75,62
31,76,47
31,78,34
31,79,76
31,87,41
31,91,50
31,92,50
31,96,27
31,99,6
32,37,17
32,39,19
32,49,18
32,50,67
32,56,42
32,59,18
32,64,34
32,70,59
32,79,43
32,84,23
32,94,4
32,97,64
33,39,13
33,40,60
33,47,22
33,48,39
33,53,41
33,55,16
33,58,66
33,64,37
33,69,3
33,75,41
33,78,14
34,37,35
34,48,37
34,52,37
34,53,44
34,57,39
34,62,52
34,64,32
34,66,53
34,73,37
34,75,31
34,80,30
34,91,61
34,92,39
34,94,23
34,95,48
34,97,44
34,98,34
35,38,39
35,40,42
35,42,33
35,43,64
35,44,84
35,50,41
35,51,32
35,62,37
35,65,68
35,68,58
35,77,60
35,83,29
35,95,23
35,97,88
36,37,82
36,42,19
36,44,72
36,46,51
36,51,53
36,62,12
36,68,76
36,75,19
36,79,52
36,81,18
36,82,73
36,84,81
36,89,77
36,90,79
36,92,74
36,99,83
37,38,80
37,39,14
37,42,66
37,48,55
37,52,72
37,54,48
37,58,91
37,62,87
37,67,60
37,87,62
38,43,84
38,52,73
38,53,114
38,60,71
38,62,76
38,63,59
38,67,31
38,68,40
38,73,34
38,75,67
38,79,21
38,81,65
38,98,67
38,99,95
39,47,35
39,49,35
39,51,60
39,57,48
39,59,28
39,60,33
39,64,47
39,66,61
39,80,42
39,82,52
39,83,74
39,86,12
39,88,50
39,89,58
39,93,41
39,95,62
39,96,37
39,98,22
40,42,19
40,51,68
40,55,62
40,58,6
40,61,67
40,67,53
40,82,85
40,85,41
40,86,60
41,44,65
41,47,23
41,51,34
41,53,74
41,65,50
41,70,54
41,82,52
41,83,39
41,86,44
41,87,58
41,88,12
41,91,84
42,47,18
42,62,21
42,72,63
42,75,0
42,78,28
42,81,1
43,46,6
43,56,9
43,57,53
43,58,61
43,66,67
43,69,15
43,73,51
43,77,5
43,81,39
43,83,76
44,49,74
44,51,88
44,63,73
44,66,91
44,71,50
44,87,14
44,90,71
44,92,72
44,96,2
45,46,71
45,47,64
45,49,28
45,53,99
45,55,42
45,62,90
45,66,23
45,68,8
45,69,57
45,70,26
45,73,40
45,75,74
45,77,73
45,79,29
45,84,22
45,85,81
45,87,98
46,48,27
46,50,84
46,62,51
46,63,52
46,73,46
46,75,32
46,79,59
46,84,58
46,90,50
46,91,67
46,95,58
47,50,70
47,52,25
47,54,10
47,57,40
47,59,55
47,68,57
47,70,69
47,77,18
47,89,61
47,91,72
47,95,44
47,97,47
47,98,45
48,49,75
48,60,75
48,63,74
48,65,16
48,68,89
48,84,81
48,85,22
48,87,11
48,88,53
48,90,72
48,96,5
49,59,13
49,64,41
49,70,52
49,75,68
49,79,42
49,86,39
49,89,27
49,90,4
49,91,29
49,92,6
49,96,72
49,98,13
50,57,36
50,64,41
50,70,12
50,73,37
50,91,90
50,93,56
50,96,110
50,97,117
51,56,68
51,61,1
51,64,18
51,65,77
51,69,50
51,70,21
51,83,15
51,84,39
51,89,25
51,97,93
52,54,26
52,74,52
52,79,57
52,80,45
52,81,8
52,89,79
52,96,55
53,55,57
53,60,72
53,62,80
53,70,113
53,76,54
53,83,106
53,91,74
53,96,10
53,97,15
54,56,13
54,57,49
54,77,10
54,82,64
54,84,62
54,92,53
55,67,33
55,69,14
55,77,31
55,83,51
56,60,62
56,72,53
56,83,79
56,85,7
56,92,57
56,93,65
57,63,32
57,66,13
57,73,14
57,78,43
57,79,11
57,82,20
57,83,26
57,91,61
57,94,28
57,97,83
58,63,92
58,65,50
58,67,57
58,71,19
58,72,90
58,84,96
58,89,94
59,61,53
59,63,13
59,70,65
59,72,9
59,87,76
59,93,20
59,96,66
60,71,85
60,73,55
60,75,75
60,84,16
60,86,41
60,88,69
60,90,9
61,69,48
61,72,44
61,73,15
61,74,52
61,81,49
61,86,53
61,88,43
61,94,38
62,72,84
62,73,50
62,76,38
62,79,63
62,83,66
62,85,46
62,88,27
63,73,44
63,74,33
63,76,51
63,77,53
63,78,47
63,86,38
63,94,18
63,99,45
64,69,34
64,71,47
64,77,44
64,91,69
65,66,81
65,73,62
65,74,39
65,77,19
65,78,26
65,86,35
65,93,78
65,96,20
66,67,19
66,69,52
66,70,17
66,74,56
66,76,49
66,79,6
66,82,21
67,70,35
67,71,49
67,73,3
67,74,48
67,76,32
67,77,52
67,84,46
67,96,76
67,97,83
68,70,31
68,76,56
68,80,31
68,82,2
68,87,90
68,90,24
69,70,69
69,71,45
69,72,30
69,73,39
69,74,8
69,80,30
69,81,38
69,82,48
69,85,26
69,90,35
69,92,34
70,71,84
70,74,72
70,77,83
70,87,106
70,89,26
70,94,57
70,96,107
71,75,12
71,83,69
71,84,81
71,91,99
71,96,51
71,98,71
72,73,45
72,75,64
72,77,47
72,81,63
72,85,57
72,91,28
72,94,14
72,97,73
72,98,4
73,75,35
73,77,49
73,82,34
73,85,52
73,88,28
73,90,45
73,98,46
74,79,53
74,81,46
74,84,40
74,88,41
74,98,23
75,76,17
75,89,71
75,90,67
75,91,90
76,80,26
76,83,54
76,89,59
76,94,33
77,81,34
78,87,33
78,90,46
78,96,34
79,82,25
79,84,40
79,91,72
80,82,29
80,83,32
80,87,66
80,92,30
81,86,42
81,87,45
81,88,6
81,93,68
81,95,43
81,98,62
82,90,25
82,94,32
82,96,86
82,97,94
83,92,52
83,97,105
83,98,63
83,99,89
84,87,85
84,88,63
84,95,46
85,93,68
85,95,64
85,96,24
85,99,41
86,89,58
86,90,36
87,97,13
88,89,64
89,91,53
89,92,25
89,95,34
89,97,101
90,99,42
91,97,86
91,98,28
92,97,79
93,95,44
93,96,78
93,97,87
94,96,54
94,98,12
95,98,52
96,99,33
