# Edges: fromIndex, toIndex, edgeCost
0,1,66
0,3,68
0,5,39
0,12,26
0,14,6
0,16,48
0,17,15
0,27,20
0,30,13
0,34,60
0,40,60
0,43,40
0,45,13
0,49,45
0,53,28
0,58,74
0,59,57
0,60,31
0,62,58
0,70,87
0,71,64
0,72,52
0,76,48
0,77,35
0,81,60
0,88,45
0,89,58
0,104,75
0,106,43
0,108,52
0,109,33
0,112,79
0,113,19
0,115,70
0,116,47
0,119,30
0,124,40
0,129,22
0,132,55
0,133,63
0,135,16
0,140,23
0,142,67
0,143,35
0,146,50
0,153,74
0,158,39
0,162,10
0,163,53
0,166,61
0,168,38
0,171,15
0,175,67
0,177,78
0,180,64
0,182,16
0,185,36
0,186,89
0,188,51
0,189,57
0,194,36
0,195,13
1,2,57
1,3,25
1,4,58
1,8,57
1,15,56
1,21,69
1,22,6
1,25,36
1,28,69
1,31,65
1,34,45
1,36,79
1,37,70
1,38,71
1,40,45
1,46,22
1,48,16
1,49,35
1,50,50
1,51,13
1,54,58
1,55,1
1,56,57
1,58,37
1,59,10
1,60,44
1,64,59
1,66,57
1,68,58
1,73,82
1,75,14
1,82,43
1,83,9
1,86,73
1,91,92
1,92,41
1,95,48
1,96,30
1,99,33
1,102,72
1,105,23
1,106,32
1,109,34
1,110,74
1,121,46
1,123,11
1,137,62
1,139,68
1,146,40
1,150,16
1,151,69
1,152,62
1,154,97
1,156,61
1,158,30
1,163,67
1,164,15
1,165,23
1,168,29
1,169,40
1,173,75
1,175,25
1,178,92
1,182,53
1,187,75
1,192,51
1,197,15
2,4,3
2,7,76
2,8,20
2,11,78
2,13,99
2,20,27
2,31,35
2,33,97
2,34,23
2,35,6
2,36,70
2,41,41
2,46,35
2,47,70
2,50,18
2,53,47
2,55,57
2,57,77
2,60,18
2,62,70
2,67,10
2,70,78
2,71,73
2,73,57
2,82,36
2,84,107
2,85,40
2,86,25
2,87,68
2,94,58
2,99,23
2,101,63
2,103,17
2,105,38
2,106,24
2,107,87
2,114,72
2,115,99
2,117,59
2,121,15
2,125,45
2,128,57
2,129,58
2,131,16
2,132,85
2,134,16
2,144,16
2,146,18
2,149,78
2,153,107
2,164,72
2,166,25
2,167,90
2,168,46
2,169,20
2,170,48
2,175,42
2,177,88
2,183,69
2,187,84
2,190,32
2,192,93
2,194,67
2,196,64
3,5,31
3,6,51
3,7,6
3,9,22
3,14,74
3,22,24
3,24,40
3,26,55
3,27,48
3,29,12
3,38,46
3,50,72
3,51,29
3,52,58
3,57,32
3,66,67
3,67,84
3,68,35
3,69,40
3,76,38
3,78,48
3,79,26
3,81,43
3,83,32
3,92,40
3,95,45
3,102,47
3,107,20
3,108,29
3,115,48
3,117,19
3,120,55
3,126,74
3,129,89
3,144,72
3,145,12
3,146,61
3,148,27
3,150,15
3,151,54
3,152,42
3,154,94
3,159,60
3,160,69
3,164,16
3,166,66
3,169,62
3,177,14
3,178,87
3,179,69
3,181,61
3,182,52
3,183,46
3,184,102
3,185,47
3,187,61
3,188,59
3,190,50
3,194,43
4,5,59
4,8,24
4,9,84
4,14,44
4,15,90
4,17,46
4,19,64
4,22,64
4,24,61
4,29,82
4,31,32
4,32,53
4,33,95
4,40,26
4,41,38
4,44,37
4,45,52
4,46,36
4,48,66
4,60,17
4,61,82
4,63,81
4,64,18
4,65,24
4,66,18
4,73,54
4,82,34
4,85,39
4,86,21
4,92,46
4,95,49
4,98,49
4,99,25
4,104,88
4,115,98
4,116,58
4,118,72
4,120,105
4,121,14
4,123,69
4,125,43
4,127,22
4,131,17
4,135,24
4,138,37
4,139,33
4,140,61
4,142,76
4,143,71
4,148,87
4,149,75
4,150,60
4,154,70
4,156,20
4,157,57
4,161,32
4,162,33
4,163,84
4,164,73
4,167,88
4,175,44
4,180,78
4,183,67
4,184,74
4,192,92
4,193,14
4,194,65
5,7,28
5,9,27
5,13,40
5,15,30
5,16,37
5,18,41
5,23,36
5,24,8
5,26,44
5,27,22
5,37,32
5,40,65
5,42,41
5,43,3
5,45,40
5,49,46
5,50,66
5,51,32
5,55,42
5,57,58
5,63,56
5,64,48
5,65,38
5,66,45
5,68,29
5,71,26
5,74,16
5,75,27
5,77,29
5,85,21
5,86,61
5,87,44
5,88,46
5,94,3
5,101,2
5,103,77
5,111,42
5,117,35
5,121,45
5,122,23
5,126,43
5,129,58
5,130,63
5,137,23
5,141,48
5,144,51
5,149,37
5,155,60
5,157,23
5,161,55
5,167,36
5,168,16
5,172,20
5,173,38
5,174,32
5,177,38
5,180,24
5,187,34
5,189,28
6,14,35
6,15,64
6,27,15
6,29,60
6,34,34
6,39,17
6,46,18
6,47,43
6,55,40
6,58,60
6,63,63
6,64,19
6,70,62
6,74,48
6,90,24
6,91,62
6,92,21
6,98,23
6,103,43
6,104,63
6,111,76
6,118,57
6,121,11
6,122,30
6,123,52
6,126,41
6,129,50
6,130,31
6,132,59
6,138,12
6,139,28
6,140,43
6,149,56
6,150,36
6,154,62
6,156,20
6,158,23
6,159,34
6,162,18
6,166,34
6,168,20
6,169,26
6,174,64
6,177,64
6,179,36
6,181,24
6,183,43
6,184,69
6,187,60
6,188,25
6,189,61
6,191,28
6,193,28
6,196,41
7,13,48
7,17,51
7,19,79
7,27,47
7,29,17
7,32,27
7,33,40
7,35,83
7,36,67
7,37,45
7,41,78
7,45,68
7,49,56
7,54,28
7,56,58
7,58,8
7,62,8
7,65,61
7,66,67
7,67,86
7,71,3
7,72,67
7,75,25
7,76,32
7,77,54
7,87,72
7,91,80
7,93,8
7,96,46
7,99,56
7,106,53
7,107,14
7,108,32
7,110,79
7,121,62
7,122,22
7,123,33
7,131,61
7,133,19
7,135,62
7,137,50
7,139,72
7,141,75
7,147,71
7,148,32
7,150,17
7,155,88
7,160,65
7,164,22
7,179,73
7,183,42
7,184,99
7,185,42
7,187,55
7,188,62
7,195,78
7,199,74
8,9,94
8,13,113
8,20,47
8,22,62
8,24,77
8,25,84
8,37,105
8,39,31
8,44,37
8,52,125
8,53,61
8,56,59
8,65,46
8,66,41
8,67,26
8,68,101
8,69,41
8,74,89
8,79,54
8,81,37
8,82,51
8,84,121
8,85,51
8,86,45
8,103,11
8,108,50
8,111,113
8,115,112
8,120,119
8,123,65
8,127,42
8,129,78
8,134,5
8,140,82
8,141,92
8,144,36
8,146,18
8,149,96
8,150,64
8,152,101
8,162,54
8,172,90
8,174,100
8,175,35
8,178,93
8,180,86
8,182,64
8,190,29
8,196,68
8,199,40
9,15,10
9,18,68
9,21,74
9,23,25
9,24,32
9,28,76
9,31,71
9,36,60
9,40,84
9,53,41
9,57,54
9,61,49
9,62,16
9,64,75
9,66,72
9,67,93
9,74,26
9,75,38
9,76,22
9,80,25
9,83,51
9,88,67
9,91,72
9,92,41
9,94,31
9,100,24
9,101,25
9,104,12
9,105,49
9,106,63
9,108,45
9,110,80
9,111,20
9,113,53
9,114,24
9,116,27
9,118,65
9,121,70
9,126,68
9,140,54
9,141,69
9,143,88
9,145,10
9,154,85
9,159,77
9,161,73
9,164,38
9,166,82
9,168,38
9,169,76
9,170,51
9,173,61
9,174,6
9,176,87
9,179,85
9,181,75
9,185,35
9,196,29
9,197,41
10,14,44
10,19,49
10,21,47
10,25,23
10,26,47
10,27,25
10,32,35
10,40,69
10,41,52
10,42,43
10,46,40
10,51,36
10,59,34
10,63,58
10,69,36
10,72,62
10,75,31
10,82,28
10,85,25
10,86,63
10,87,42
10,88,50
10,92,16
10,95,16
10,99,51
10,100,38
10,106,46
10,107,30
10,109,17
10,110,54
10,112,48
10,116,16
10,117,38
10,118,43
10,124,45
10,133,23
10,135,42
10,137,21
10,138,29
10,151,25
10,153,44
10,156,50
10,158,18
10,162,35
10,166,67
10,167,32
10,168,20
10,183,13
10,187,30
10,191,21
10,193,60
11,12,83
11,14,95
11,15,65
11,18,77
11,27,68
11,32,32
11,37,84
11,38,78
11,39,76
11,40,62
11,48,28
11,55,22
11,56,80
11,58,41
11,61,97
11,63,7
11,66,79
11,67,89
11,72,62
11,75,35
11,79,38
11,82,66
11,90,83
11,93,40
11,94,62
11,96,52
11,97,78
11,98,55
11,101,60
11,103,84
11,104,45
11,107,52
11,109,56
11,121,68
11,123,10
11,129,110
11,130,66
11,131,62
11,133,59
11,141,107
11,143,121
11,144,82
11,145,45
11,148,12
11,150,34
11,151,86
11,153,93
11,162,78
11,168,51
11,169,59
11,171,83
11,172,79
11,176,108
11,181,59
11,184,127
11,186,0
11,187,92
11,189,79
11,190,46
11,195,97
11,197,38
11,199,85
12,14,27
12,20,46
12,21,34
12,26,52
12,27,24
12,31,33
12,33,42
12,34,75
12,35,69
12,36,15
12,37,31
12,39,51
12,44,58
12,46,52
12,47,33
12,48,55
12,50,75
12,52,56
12,57,82
12,62,43
12,64,44
12,65,36
12,67,67
12,68,41
12,69,47
12,71,50
12,74,21
12,75,49
12,78,12
12,80,45
12,82,29
12,85,34
12,92,23
12,95,16
12,96,47
12,100,61
12,104,57
12,106,54
12,112,70
12,113,7
12,114,22
12,116,37
12,117,58
12,123,74
12,127,39
12,129,38
12,130,71
12,133,42
12,140,7
12,144,49
12,146,65
12,155,36
12,156,43
12,167,27
12,170,62
12,177,61
12,180,47
12,182,16
12,185,11
12,186,84
12,189,31
13,18,76
13,19,62
13,22,77
13,26,83
13,27,59
13,34,105
13,36,47
13,37,9
13,44,81
13,46,76
13,48,60
13,49,86
13,51,70
13,54,23
13,59,65
13,60,81
13,64,83
13,77,33
13,78,29
13,80,53
13,81,87
13,83,77
13,84,7
13,88,86
13,90,64
13,92,52
13,93,49
13,101,37
13,102,15
13,103,116
13,104,44
13,110,81
13,111,21
13,116,49
13,122,59
13,125,56
13,127,75
13,129,76
13,130,103
13,139,76
13,146,95
13,148,79
13,152,12
13,153,7
13,154,71
13,162,67
13,172,25
13,174,28
13,176,84
13,180,41
13,185,31
13,189,11
13,190,89
13,191,55
13,192,34
13,194,32
13,196,59
13,197,66
13,199,87
14,16,54
14,24,39
14,27,26
14,32,63
14,33,70
14,35,51
14,36,25
14,40,66
14,41,9
14,42,79
14,47,56
14,51,59
14,52,84
14,59,63
14,63,94
14,64,26
14,65,23
14,66,26
14,67,47
14,72,58
14,73,10
14,80,61
14,84,75
14,89,64
14,94,40
14,97,53
14,102,79
14,108,59
14,119,37
14,125,19
14,127,28
14,128,14
14,131,47
14,132,57
14,133,67
14,134,63
14,142,73
14,148,97
14,152,62
14,153,75
14,154,27
14,163,54
14,165,69
14,167,54
14,169,58
14,170,67
14,179,67
14,180,69
14,184,33
14,189,59
14,191,53
14,196,67
14,197,57
15,27,53
15,31,73
15,33,14
15,37,23
15,38,15
15,40,92
15,44,66
15,45,64
15,48,40
15,50,94
15,51,53
15,56,60
15,59,47
15,63,59
15,65,69
15,67,98
15,69,59
15,78,32
15,81,70
15,82,56
15,87,63
15,89,57
15,92,44
15,93,26
15,94,33
15,99,75
15,106,70
15,110,82
15,111,12
15,114,23
15,121,75
15,123,60
15,124,70
15,126,67
15,135,70
15,136,88
15,139,76
15,140,52
15,143,85
15,146,83
15,159,85
15,167,33
15,173,59
15,175,78
15,177,25
15,179,93
15,182,52
15,188,81
15,189,19
15,191,39
15,193,89
15,194,32
15,196,39
15,197,49
16,32,16
16,34,29
16,35,42
16,37,70
16,39,32
16,41,55
16,49,14
16,51,11
16,60,22
16,62,38
16,68,63
16,74,54
16,78,54
16,79,14
16,83,13
16,88,13
16,91,79
16,94,37
16,96,8
16,104,55
16,105,6
16,106,10
16,113,53
16,115,75
16,116,28
16,131,19
16,133,55
16,134,40
16,136,34
16,137,53
16,138,14
16,148,50
16,151,65
16,159,23
16,163,65
16,166,27
16,167,73
16,169,22
16,171,47
16,172,57
16,179,30
16,180,46
16,182,39
16,184,88
16,188,19
16,189,65
16,191,22
16,192,61
16,194,49
16,197,13
17,18,23
17,19,31
17,25,47
17,29,66
17,35,54
17,40,60
17,42,60
17,43,24
17,48,51
17,50,59
17,51,42
17,54,56
17,57,76
17,63,75
17,70,75
17,79,39
17,86,40
17,89,48
17,91,38
17,92,14
17,94,20
17,95,8
17,96,33
17,98,22
17,108,42
17,109,20
17,111,62
17,119,21
17,125,2
17,128,14
17,129,35
17,147,23
17,154,41
17,156,28
17,157,11
17,159,59
17,161,55
17,163,39
17,164,62
17,166,60
17,173,20
17,177,62
17,181,50
17,182,1
17,186,78
17,192,59
17,194,21
17,196,48
18,20,14
18,22,60
18,23,74
18,29,73
18,30,27
18,37,67
18,40,42
18,41,21
18,48,57
18,52,91
18,53,27
18,57,76
18,59,47
18,66,4
18,67,28
18,70,77
18,74,53
18,76,54
18,81,45
18,91,54
18,97,30
18,100,69
18,101,43
18,104,74
18,105,31
18,106,27
18,110,19
18,113,34
18,115,78
18,119,23
18,125,21
18,126,32
18,133,66
18,136,20
18,138,25
18,141,48
18,146,32
18,147,38
18,149,52
18,151,58
18,157,35
18,162,10
18,165,46
18,169,34
18,172,51
18,175,51
18,179,42
18,188,33
18,199,11
19,23,64
19,29,95
19,30,23
19,31,31
19,32,76
19,40,85
19,43,50
19,50,83
19,52,78
19,55,87
19,60,57
19,62,70
19,65,42
19,66,46
19,69,64
19,70,106
19,71,77
19,75,72
19,77,29
19,78,39
19,84,68
19,87,8
19,91,13
19,94,47
19,99,72
19,101,52
19,102,76
19,103,84
19,106,68
19,107,78
19,113,21
19,114,49
19,120,71
19,123,97
19,126,11
19,127,47
19,128,16
19,131,66
19,134,83
19,137,29
19,140,19
19,144,51
19,145,75
19,149,25
19,151,42
19,152,59
19,154,11
19,159,86
19,164,93
19,165,86
19,169,77
19,174,76
19,175,91
19,177,88
19,181,75
19,186,108
19,189,55
19,191,64
19,198,12
19,199,47
20,24,52
20,25,75
20,26,32
20,27,31
20,33,86
20,34,49
20,36,48
20,37,77
20,38,96
20,43,55
20,45,32
20,49,39
20,50,45
20,55,69
20,61,66
20,63,92
20,68,81
20,72,41
20,73,31
20,75,59
20,79,55
20,88,39
20,102,95
20,106,39
20,108,55
20,109,43
20,110,9
20,117,68
20,119,37
20,122,58
20,128,35
20,129,30
20,132,73
20,135,15
20,144,12
20,146,41
20,147,39
20,148,96
20,157,43
20,158,48
20,161,51
20,162,20
20,163,72
20,164,81
20,168,46
20,171,34
20,175,62
20,181,41
20,184,50
20,188,43
20,190,50
20,192,89
20,198,33
21,33,75
21,34,58
21,40,58
21,41,5
21,46,49
21,48,69
21,58,81
21,61,53
21,62,64
21,63,91
21,70,91
21,71,70
21,73,18
21,77,42
21,88,45
21,89,61
21,90,12
21,93,81
21,94,43
21,95,31
21,98,42
21,102,85
21,108,56
21,110,6
21,111,85
21,114,52
21,115,77
21,118,38
21,122,56
21,126,18
21,127,22
21,129,20
21,131,40
21,133,70
21,135,16
21,139,2
21,144,22
21,145,71
21,149,44
21,155,34
21,160,30
21,163,61
21,165,64
21,167,61
21,176,15
21,189,64
21,191,52
21,195,6
21,197,54
22,26,45
22,28,75
22,29,22
22,32,15
22,33,69
22,36,83
22,42,11
22,45,78
22,48,16
22,49,41
22,50,55
22,52,83
22,57,15
22,60,50
22,61,83
22,63,17
22,79,21
22,80,24
22,81,24
22,84,83
22,89,15
22,91,96
22,97,64
22,100,25
22,105,29
22,106,38
22,107,44
22,108,19
22,111,67
22,113,71
22,116,31
22,118,89
22,141,90
22,143,105
22,150,19
22,154,102
22,157,66
22,158,34
22,159,41
22,160,80
22,161,38
22,164,11
22,169,46
22,173,80
22,174,53
22,176,91
22,177,37
22,180,36
22,181,45
22,183,62
22,184,110
22,186,17
22,187,79
22,188,43
22,189,67
22,191,28
22,195,80
22,196,17
22,199,69
23,28,78
23,29,58
23,30,53
23,31,73
23,32,62
23,34,100
23,37,10
23,42,61
23,45,60
23,56,61
23,62,38
23,63,74
23,79,59
23,81,81
23,85,57
23,88,82
23,92,48
23,94,37
23,97,101
23,99,83
23,101,33
23,104,36
23,105,65
23,106,78
23,107,29
23,110,81
23,111,15
23,115,3
23,119,57
23,131,84
23,137,39
23,138,61
23,139,75
23,141,57
23,145,34
23,150,53
23,151,22
23,156,80
23,162,65
23,164,63
23,166,99
23,167,20
23,169,92
23,170,72
23,177,41
23,178,66
23,180,34
23,185,30
23,187,27
23,189,9
23,192,26
24,26,47
24,27,22
24,31,41
24,44,48
24,49,51
24,51,40
24,53,16
24,57,67
24,60,45
24,62,27
24,66,45
24,68,29
24,70,66
24,74,12
24,77,20
24,79,35
24,82,27
24,84,44
24,85,26
24,86,59
24,91,44
24,94,6
24,97,68
24,108,40
24,111,43
24,112,55
24,113,21
24,121,47
24,122,32
24,123,59
24,124,46
24,125,22
24,130,67
24,136,59
24,141,39
24,145,32
24,146,59
24,151,21
24,153,44
24,157,15
24,158,21
24,160,29
24,164,52
24,165,59
24,166,69
24,168,23
24,170,49
24,172,13
24,176,55
24,178,48
24,184,63
24,193,57
24,194,5
25,28,71
25,29,25
25,32,31
25,37,37
25,38,34
25,41,74
25,42,28
25,44,48
25,46,44
25,50,77
25,53,35
25,55,37
25,56,54
25,62,6
25,69,43
25,74,28
25,75,28
25,78,36
25,80,15
25,83,41
25,85,37
25,90,57
25,92,35
25,101,21
25,105,39
25,106,54
25,108,35
25,116,18
25,120,42
25,122,24
25,125,48
25,126,66
25,129,81
25,131,62
25,132,31
25,133,12
25,137,44
25,140,53
25,144,71
25,145,2
25,154,84
25,158,27
25,160,59
25,169,67
25,170,41
25,171,50
25,179,76
25,181,66
25,182,46
25,183,35
25,188,64
25,196,19
26,27,27
26,28,35
26,29,62
26,30,44
26,31,34
26,34,23
26,38,88
26,39,15
26,42,52
26,46,16
26,47,52
26,55,39
26,59,36
26,65,21
26,67,29
26,68,72
26,71,54
26,72,15
26,75,33
26,77,61
26,80,43
26,85,22
26,86,35
26,87,62
26,89,30
26,91,73
26,92,32
26,98,33
26,102,87
26,105,19
26,107,68
26,109,29
26,118,68
26,121,7
26,126,52
26,129,58
26,130,19
26,138,19
26,139,36
26,140,55
26,142,57
26,146,12
26,147,57
26,148,67
26,151,68
26,153,91
26,154,72
26,155,71
26,158,31
26,166,23
26,182,35
26,184,78
26,186,62
26,187,71
26,188,13
26,190,18
26,194,52
26,196,45
26,199,25
27,29,59
27,36,36
27,39,28
27,41,30
27,44,35
27,45,27
27,48,44
27,54,57
27,56,11
27,57,67
27,59,36
27,62,38
27,67,46
27,69,24
27,71,45
27,78,30
27,79,30
27,82,5
27,85,12
27,88,32
27,96,23
27,97,45
27,106,29
27,108,33
27,121,25
27,122,31
27,125,9
27,126,29
27,127,16
27,128,24
27,133,47
27,136,36
27,142,48
27,144,29
27,149,40
27,152,48
27,153,66
27,156,25
27,159,49
27,161,44
27,163,45
27,167,50
27,171,17
27,172,34
27,174,55
27,175,51
27,176,40
27,178,47
27,181,40
27,188,40
27,194,26
27,195,31
27,199,29
28,29,86
28,30,25
28,32,60
28,35,38
28,45,23
28,46,48
28,47,61
28,48,70
28,52,94
28,53,35
28,57,90
28,59,61
28,64,13
28,67,33
28,70,91
28,74,57
28,77,47
28,83,61
28,84,86
28,87,35
28,90,15
28,92,36
28,93,83
28,95,34
28,96,40
28,100,81
28,101,51
28,114,55
28,116,54
28,122,56
28,124,38
28,127,20
28,128,27
28,134,50
28,136,30
28,138,39
28,144,18
28,152,71
28,153,86
28,154,39
28,155,38
28,160,35
28,164,80
28,174,81
28,175,66
28,181,46
28,189,68
28,192,84
28,194,47
28,195,5
29,30,73
29,33,56
29,34,71
29,37,62
29,39,76
29,41,90
29,48,16
29,50,76
29,57,23
29,59,26
29,60,66
29,65,72
29,66,77
29,70,20
29,71,18
29,74,53
29,76,50
29,77,72
29,80,24
29,82,59
29,85,49
29,88,59
29,89,33
29,92,52
29,93,16
29,94,47
29,95,57
29,96,51
29,103,92
29,104,22
29,105,43
29,108,34
29,112,8
29,116,33
29,117,22
29,120,65
29,121,68
29,124,58
29,125,66
29,127,68
29,132,57
29,135,73
29,137,67
29,138,47
29,140,76
29,144,81
29,145,24
29,158,40
29,162,71
29,163,61
29,164,10
29,171,71
29,175,50
29,177,18
29,178,100
29,181,65
29,182,64
29,183,59
29,185,60
29,186,24
29,190,53
29,191,33
29,192,33
30,33,54
30,41,24
30,46,48
30,50,65
30,55,64
30,62,49
30,64,32
30,68,52
30,70,83
30,71,56
30,72,59
30,75,49
30,76,35
30,77,21
30,79,47
30,82,22
30,92,22
30,98,29
30,102,63
30,104,65
30,109,28
30,125,9
30,126,13
30,128,6
30,129,28
30,131,47
30,136,48
30,139,22
30,141,23
30,146,56
30,147,15
30,152,46
30,155,32
30,158,34
30,159,66
30,165,65
30,167,40
30,170,59
30,179,68
30,182,9
30,184,42
30,186,85
30,190,59
30,193,41
30,197,47
31,37,65
31,38,85
31,42,74
31,43,45
31,44,50
31,46,45
31,49,41
31,50,51
31,52,89
31,53,31
31,55,66
31,56,12
31,65,12
31,67,35
31,70,87
31,82,22
31,84,81
31,87,32
31,90,10
31,91,43
31,92,31
31,93,78
31,95,29
31,97,41
31,99,43
31,109,35
31,112,80
31,116,49
31,117,63
31,124,36
31,128,23
31,130,48
31,132,61
31,135,11
31,140,31
31,145,68
31,148,91
31,162,10
31,166,55
31,167,61
31,175,64
31,186,89
31,188,47
31,194,42
32,34,44
32,35,58
32,40,44
32,42,19
32,52,76
32,54,53
32,61,70
32,62,24
32,64,51
32,66,49
32,67,62
32,68,51
32,73,72
32,75,4
32,78,50
32,80,15
32,81,20
32,83,9
32,87,71
32,89,6
32,90,50
32,92,31
32,96,22
32,98,24
32,101,33
32,102,66
32,103,63
32,105,14
32,106,27
32,108,5
32,110,65
32,115,64
32,120,72
32,122,8
32,128,59
32,129,78
32,131,36
32,132,55
32,135,46
32,139,59
32,141,75
32,148,35
32,149,68
32,150,10
32,153,75
32,154,87
32,155,85
32,157,51
32,158,19
32,159,36
32,160,65
32,161,32
32,164,21
32,170,10
32,171,51
32,176,75
32,177,38
32,183,48
32,186,33
32,187,66
32,196,13
33,35,103
33,36,51
33,42,60
33,44,76
33,46,71
33,47,29
33,53,49
33,58,39
33,59,59
33,64,82
33,78,30
33,81,81
33,82,61
33,84,13
33,88,82
33,91,61
33,92,49
33,93,40
33,94,38
33,95,47
33,99,83
33,101,33
33,103,113
33,105,65
33,107,27
33,108,64
33,115,2
33,118,54
33,125,56
33,131,84
33,132,13
33,133,20
33,143,79
33,146,91
33,147,60
33,148,71
33,155,73
33,160,52
33,164,62
33,165,85
33,169,92
33,172,26
33,175,90
33,183,31
33,185,31
33,187,29
33,188,90
33,196,52
33,197,60
34,36,85
34,39,31
34,43,67
34,44,26
34,45,72
34,47,71
34,49,18
34,50,6
34,51,39
34,54,95
34,58,79
34,59,47
34,61,96
34,63,65
34,64,41
34,66,40
34,68,91
34,69,32
34,71,68
34,73,77
34,77,84
34,90,57
34,93,79
34,95,60
34,97,20
34,100,71
34,104,83
34,117,49
34,121,27
34,122,49
34,126,74
34,128,72
34,134,15
34,136,26
34,141,89
34,144,37
34,145,75
34,150,53
34,151,91
34,154,93
34,155,92
34,156,43
34,158,50
34,159,8
34,165,22
34,166,2
34,169,8
34,170,36
34,171,66
34,174,90
34,182,58
34,186,62
34,193,41
34,196,57
34,199,41
35,51,53
35,55,63
35,60,25
35,63,86
35,64,26
35,66,26
35,69,41
35,71,80
35,74,82
35,79,55
35,80,69
35,82,42
35,87,72
35,93,92
35,96,37
35,98,57
35,105,45
35,108,53
35,111,110
35,116,65
35,118,80
35,122,61
35,129,60
35,131,22
35,135,33
35,137,70
35,139,40
35,141,77
35,142,83
35,144,20
35,145,85
35,148,91
35,153,113
35,179,25
35,183,75
35,184,80
35,197,55
36,40,86
36,41,35
36,49,69
36,56,29
36,59,68
36,60,57
36,64,49
36,72,77
36,81,79
36,86,55
36,87,6
36,90,29
36,91,13
36,96,59
36,98,44
36,100,76
36,103,88
36,109,44
36,114,36
36,116,52
36,123,89
36,130,81
36,132,39
36,133,56
36,136,66
36,139,36
36,141,8
36,144,55
36,145,63
36,146,75
36,147,10
36,148,97
36,156,47
36,157,17
36,160,5
36,168,49
36,177,76
36,178,17
36,179,87
36,184,33
36,190,77
36,192,67
36,193,57
36,194,28
37,48,56
37,50,98
37,51,64
37,56,53
37,60,73
37,67,96
37,68,18
37,70,81
37,71,45
37,72,90
37,73,60
37,75,57
37,82,54
37,88,78
37,89,68
37,91,48
37,95,39
37,98,43
37,104,43
37,106,75
37,108,64
37,109,46
37,113,39
37,114,20
37,118,41
37,120,17
37,122,53
37,123,77
37,128,45
37,131,79
37,135,65
37,139,67
37,141,47
37,142,47
37,143,66
37,146,87
37,147,48
37,148,77
37,150,54
37,152,9
37,155,61
37,157,34
37,163,5
37,171,42
37,173,44
37,180,38
37,185,22
37,188,87
37,191,48
37,195,71
37,196,54
38,39,95
38,42,61
38,44,81
38,46,77
38,47,35
38,49,90
38,52,12
38,54,12
38,58,37
38,64,92
38,72,101
38,73,84
38,75,62
38,78,41
38,80,50
38,86,104
38,87,70
38,89,72
38,90,75
38,95,57
38,96,78
38,99,90
38,100,47
38,103,121
38,105,72
38,107,26
38,110,94
38,111,4
38,112,62
38,118,66
38,122,58
38,125,66
38,126,76
38,127,83
38,129,91
38,130,106
38,139,87
38,140,60
38,141,71
38,144,96
38,151,36
38,154,88
38,155,86
38,157,56
38,158,57
38,160,65
38,161,96
38,164,62
38,170,76
38,172,38
38,173,67
38,175,94
38,177,37
38,188,97
38,196,54
38,197,65
38,199,96
39,40,31
39,41,31
39,43,52
39,45,43
39,54,84
39,55,54
39,57,75
39,62,61
39,65,14
39,66,9
39,70,76
39,75,46
39,83,45
39,87,55
39,91,67
39,92,36
39,94,47
39,101,52
39,103,30
39,105,32
39,113,46
39,114,60
39,118,63
39,120,95
39,127,12
39,129,47
39,130,24
39,135,14
39,136,8
39,138,29
39,139,25
39,140,51
39,145,70
39,149,65
39,151,70
39,154,62
39,157,47
39,162,23
39,165,41
39,166,32
39,176,39
39,178,61
39,179,31
39,185,57
39,187,71
39,188,24
39,192,84
39,196,58
40,41,62
40,44,26
40,46,29
40,48,58
40,49,18
40,51,39
40,52,116
40,56,56
40,60,28
40,63,66
40,67,32
40,75,47
40,78,79
40,82,45
40,89,38
40,97,20
40,98,54
40,99,17
40,102,107
40,106,22
40,111,104
40,114,77
40,120,111
40,123,53
40,127,38
40,132,91
40,134,14
40,136,26
40,140,78
40,143,95
40,144,37
40,147,80
40,149,91
40,150,54
40,161,12
40,164,61
40,170,36
40,171,67
40,173,79
40,175,23
40,177,83
40,182,59
40,184,98
40,187,94
40,193,41
40,195,59
40,196,57
40,197,43
41,42,83
41,43,52
41,50,59
41,54,83
41,55,75
41,60,35
41,61,54
41,62,69
41,63,97
41,64,21
41,68,76
41,71,75
41,81,66
41,87,30
41,88,49
41,93,86
41,94,47
41,95,35
41,98,47
41,99,52
41,101,53
41,103,57
41,108,61
41,110,5
41,117,72
41,119,40
41,121,36
41,124,45
41,129,16
41,130,56
41,137,38
41,141,33
41,142,78
41,144,25
41,148,100
41,150,67
41,162,19
41,169,55
41,171,26
41,172,52
41,176,10
41,183,47
41,185,47
41,189,67
41,191,57
41,197,59
42,46,35
42,48,9
42,50,65
42,51,24
42,59,17
42,62,24
42,64,70
42,66,68
42,67,81
42,69,37
42,75,20
42,79,24
42,80,19
42,84,74
42,86,84
42,88,48
42,89,22
42,94,44
42,95,52
42,97,73
42,101,41
42,104,29
42,117,11
42,119,42
42,121,58
42,123,13
42,124,48
42,128,74
42,134,73
42,135,64
42,136,70
42,140,72
42,143,104
42,148,17
42,149,78
42,151,67
42,152,56
42,154,101
42,163,62
42,164,2
42,168,35
42,169,55
42,170,23
42,173,78
42,174,43
42,177,26
42,184,110
42,188,53
42,190,42
42,191,26
42,194,54
42,197,24
42,199,74
43,46,39
43,50,69
43,52,49
43,56,32
43,58,35
43,61,35
43,66,48
43,69,35
43,71,27
43,73,51
43,75,30
43,85,24
43,92,16
43,112,48
43,113,28
43,115,36
43,118,44
43,119,24
43,120,43
43,130,66
43,131,51
43,133,23
43,139,47
43,141,47
43,143,64
43,148,59
43,158,17
43,164,45
43,169,59
43,172,17
43,175,60
43,177,38
43,178,55
43,179,69
43,181,57
43,182,24
43,188,57
43,194,11
43,197,31
43,198,40
44,47,46
44,49,14
44,53,34
44,56,45
44,58,53
44,63,44
44,69,11
44,70,42
44,74,58
44,75,20
44,76,57
44,80,32
44,81,7
44,82,31
44,87,72
44,97,38
44,98,31
44,101,44
44,102,81
44,104,57
44,114,54
44,120,86
44,123,31
44,125,44
44,128,60
44,130,28
44,131,20
44,132,68
44,140,63
44,141,77
44,143,88
44,150,27
44,156,43
44,159,19
44,165,11
44,170,12
44,175,16
44,180,49
44,182,44
44,184,92
44,186,42
44,196,31
45,46,56
45,53,32
45,56,17
45,62,59
45,66,34
45,67,56
45,69,51
45,72,64
45,76,44
45,77,26
45,78,32
45,83,68
45,90,15
45,92,32
45,94,36
45,95,26
45,97,61
45,99,59
45,102,71
45,106,54
45,107,69
45,108,60
45,111,73
45,118,20
45,119,38
45,122,57
45,123,84
45,128,5
45,130,67
45,132,48
45,133,61
45,134,71
45,135,29
45,138,44
45,144,39
45,152,54
45,156,32
45,158,44
45,159,73
45,163,46
45,166,73
45,167,45
45,168,43
45,173,8
45,175,77
45,180,64
45,183,31
45,185,31
45,196,66
45,198,1
46,49,13
46,56,39
46,59,19
46,62,38
46,67,46
46,68,62
46,71,39
46,75,17
46,77,61
46,79,14
46,81,13
46,83,13
46,91,78
46,94,36
46,95,36
46,100,44
46,102,77
46,103,47
46,109,23
46,112,41
46,124,12
46,129,69
46,138,13
46,144,37
46,147,62
46,148,50
46,162,36
46,165,17
46,171,47
46,172,56
46,174,61
46,182,38
46,185,51
46,187,69
46,188,20
46,189,65
46,193,44
46,194,48
46,195,53
46,198,58
47,49,54
47,50,73
47,56,43
47,58,24
47,59,29
47,61,42
47,62,11
47,63,50
47,69,39
47,75,28
47,79,29
47,82,37
47,86,73
47,90,46
47,91,62
47,95,27
47,96,42
47,100,27
47,109,23
47,110,65
47,112,39
47,114,14
47,117,33
47,118,54
47,130,70
47,135,51
47,136,67
47,138,33
47,147,53
47,148,50
47,149,44
47,156,59
47,159,65
47,166,70
47,170,42
47,172,24
47,174,21
47,175,60
47,176,72
47,185,24
47,188,61
47,189,25
47,191,19
47,193,69
47,197,30
48,57,27
48,59,11
48,60,50
48,62,16
48,63,24
48,64,63
48,65,56
48,68,42
48,71,12
48,77,60
48,80,10
48,81,33
48,82,43
48,85,33
48,92,36
48,94,34
48,96,36
48,99,44
48,102,56
48,104,25
48,114,40
48,120,63
48,121,52
48,131,50
48,132,50
48,133,33
48,134,71
48,141,79
48,145,20
48,146,52
48,147,73
48,148,26
48,150,7
48,153,67
48,154,92
48,157,54
48,160,68
48,161,46
48,162,55
48,165,37
48,169,52
48,170,22
48,183,48
48,186,29
48,192,35
48,193,72
48,195,75
48,196,2
48,198,69
49,51,25
49,52,98
49,53,35
49,54,78
49,56,39
49,58,65
49,60,14
49,66,28
49,71,53
49,72,11
49,73,62
49,74,63
49,75,31
49,77,67
49,79,28
49,80,42
49,83,25
49,84,94
49,86,41
49,89,26
49,91,80
49,94,45
49,103,33
49,108,25
49,110,47
49,111,86
49,115,85
49,127,23
49,128,56
49,129,66
49,134,26
49,135,29
49,136,22
49,138,21
49,148,63
49,152,74
49,154,79
49,156,32
49,157,54
49,160,64
49,164,50
49,167,81
49,169,9
49,170,26
49,174,74
49,176,59
49,180,59
49,182,41
49,183,59
49,187,76
49,195,48
50,53,54
50,61,96
50,67,27
50,68,94
50,70,68
50,71,72
50,72,8
50,74,82
50,77,84
50,83,41
50,85,44
50,86,43
50,93,83
50,97,14
50,102,109
50,103,16
50,109,52
50,110,54
50,113,72
50,114,78
50,120,112
50,123,59
50,125,57
50,130,3
50,132,92
50,134,8
50,138,41
50,140,77
50,142,75
50,151,91
50,157,71
50,158,52
50,159,15
50,162,49
50,163,93
50,171,65
50,177,87
50,179,5
50,182,58
50,184,95
50,187,94
50,188,12
50,197,46
50,198,72
50,199,37
51,53,29
51,58,40
51,63,36
51,65,40
51,69,13
51,73,69
51,75,7
51,76,47
51,77,59
51,79,5
51,81,17
51,82,30
51,85,20
51,88,25
51,92,29
51,99,24
51,102,69
51,103,58
51,105,10
51,106,22
51,108,0
51,110,60
51,114,44
51,117,12
51,121,34
51,127,36
51,128,57
51,129,75
51,131,30
51,132,57
51,133,46
51,138,16
51,140,58
51,144,47
51,145,36
51,146,32
51,148,40
51,152,57
51,157,50
51,158,18
51,162,42
51,163,60
51,164,26
51,168,17
51,169,33
51,170,9
51,171,49
51,177,43
51,181,32
51,182,40
51,183,48
51,185,49
51,193,54
51,196,18
52,60,95
52,62,52
52,69,84
52,70,88
52,72,110
52,73,85
52,77,49
52,80,61
52,88,98
52,89,83
52,93,50
52,94,54
52,100,59
52,102,10
52,104,45
52,106,95
52,107,38
52,108,80
52,119,74
52,123,86
52,128,69
52,131,100
52,132,28
52,133,34
52,135,89
52,138,77
52,142,54
52,148,81
52,153,11
52,156,97
52,158,65
52,159,111
52,163,29
52,166,115
52,171,67
52,174,30
52,180,46
52,184,95
52,185,46
52,188,106
52,198,74
53,58,47
53,63,60
53,64,33
53,69,23
53,71,36
53,72,46
53,76,28
53,77,32
53,84,60
53,86,47
53,91,51
53,95,7
53,101,16
53,104,48
53,113,24
53,117,37
53,118,44
53,121,31
53,124,30
53,125,14
53,127,24
53,130,51
53,133,39
53,134,59
53,140,29
53,142,39
53,152,41
53,154,56
53,157,21
53,161,46
53,162,20
53,163,39
53,169,45
53,170,38
53,178,51
53,179,55
53,182,12
53,184,64
53,185,23
53,189,40
53,193,44
53,194,20
53,198,33
54,67,102
54,71,30
54,76,24
54,78,36
54,87,67
54,89,60
54,98,44
54,103,110
54,106,74
54,107,14
54,109,48
54,110,86
54,111,8
54,116,37
54,120,22
54,122,46
54,124,74
54,128,62
54,129,87
54,136,92
54,143,88
54,146,86
54,149,52
54,153,27
54,155,83
54,161,84
54,162,68
54,164,50
54,165,78
54,168,48
54,170,63
54,172,33
54,180,21
54,181,86
54,182,56
54,183,37
54,185,37
54,187,41
54,195,85
54,199,87
55,60,44
55,66,57
55,68,59
55,70,21
55,84,83
55,91,93
55,94,44
55,96,30
55,98,35
55,107,46
55,111,68
55,113,67
55,126,76
55,129,89
55,134,58
55,138,30
55,139,69
55,141,87
55,143,100
55,144,60
55,146,40
55,158,31
55,162,56
55,169,40
55,182,54
55,184,105
55,185,60
55,187,77
55,196,18
55,199,63
56,57,79
56,59,48
56,73,25
56,74,39
56,75,44
56,76,41
56,83,51
56,84,69
56,85,24
56,86,32
56,92,19
56,93,66
56,94,27
56,97,46
56,99,41
56,110,21
56,113,17
56,121,29
56,126,19
56,128,16
56,131,36
56,135,13
56,136,36
56,139,15
56,140,22
56,142,59
56,143,43
56,144,26
56,152,53
56,153,69
56,155,38
56,158,30
56,159,56
56,161,52
56,163,48
56,166,56
56,171,12
56,172,36
56,181,45
56,187,43
56,193,31
56,194,30
57,60,65
57,61,96
57,62,43
57,66,78
57,74,71
57,75,34
57,80,37
57,82,65
57,83,29
57,85,54
57,88,54
57,94,61
57,95,68
57,97,77
57,106,53
57,110,95
57,112,15
57,114,67
57,116,45
57,117,24
57,119,56
57,120,87
57,121,67
57,125,75
57,126,96
57,135,76
57,142,36
57,147,98
57,149,96
57,153,92
57,155,116
57,159,51
57,165,38
57,169,58
57,170,28
57,171,82
57,177,41
57,181,58
58,59,32
58,61,64
58,64,79
58,67,95
58,70,38
58,74,39
58,87,78
58,91,86
58,92,46
58,97,88
58,98,39
58,110,87
58,113,64
58,114,37
58,119,49
58,122,31
58,125,60
58,126,78
58,132,41
58,134,91
58,135,71
58,136,83
58,140,66
58,141,81
58,144,81
58,147,77
58,154,97
58,155,94
58,156,79
58,157,58
58,163,45
58,166,78
58,167,56
58,168,40
58,172,47
58,173,73
58,183,47
58,184,105
58,190,61
58,192,15
58,193,88
58,196,22
58,198,75
59,67,65
59,70,30
59,72,44
59,73,73
59,74,45
59,75,3
59,76,44
59,77,59
59,80,12
59,90,51
59,91,81
59,92,31
59,93,32
59,94,32
59,98,23
59,102,63
59,108,8
59,114,41
59,128,59
59,130,49
59,131,38
59,132,53
59,133,40
59,136,53
59,142,23
59,143,90
59,145,29
59,146,40
59,151,59
59,153,73
59,156,54
59,157,51
59,167,66
59,169,41
59,170,13
59,172,51
59,174,45
59,185,48
59,187,64
59,188,38
59,194,44
59,195,66
60,62,52
60,67,26
60,69,19
60,71,56
60,73,49
60,76,58
60,77,57
60,85,21
60,86,28
60,91,67
60,93,68
60,94,40
60,97,22
60,102,86
60,112,62
60,114,54
60,116,40
60,117,45
60,119,21
60,120,88
60,128,44
60,133,66
60,139,29
60,143,67
60,144,15
60,145,61
60,146,18
60,149,63
60,152,70
60,153,89
60,155,64
60,156,18
60,157,44
60,159,29
60,161,26
60,162,22
60,163,68
60,168,28
60,169,20
60,173,50
60,175,37
60,180,60
60,182,30
60,184,71
60,185,51
60,186,67
60,188,20
60,194,49
60,198,45
61,65,58
61,68,38
61,81,85
61,83,78
61,84,33
61,87,27
61,90,45
61,91,26
61,92,43
61,95,36
61,100,70
61,101,37
61,103,103
61,104,62
61,106,75
61,109,48
61,110,59
61,113,26
61,128,30
61,129,50
61,130,93
61,136,81
61,145,55
61,150,64
61,159,94
61,164,80
61,167,12
61,174,48
61,175,94
61,181,86
61,182,38
61,187,5
61,190,85
61,191,56
61,192,55
61,198,33
62,68,27
62,69,36
62,70,41
62,73,70
62,76,26
62,77,46
62,89,31
62,92,29
62,93,17
62,96,40
62,108,28
62,112,28
62,115,40
62,118,64
62,120,47
62,122,17
62,123,36
62,132,34
62,133,18
62,136,67
62,137,42
62,138,32
62,141,67
62,142,10
62,143,84
62,145,8
62,146,59
62,152,32
62,153,51
62,154,81
62,156,62
62,160,56
62,165,49
62,166,66
62,168,23
62,170,35
62,171,46
62,173,57
62,176,78
62,181,59
62,185,34
62,192,23
63,67,91
63,68,62
63,69,49
63,75,34
63,76,65
63,81,40
63,82,65
63,86,96
63,94,59
63,95,67
63,96,53
63,98,52
63,102,73
63,107,45
63,112,10
63,113,84
63,116,43
63,120,82
63,125,75
63,128,89
63,134,80
63,136,80
63,139,90
63,153,87
63,154,116
63,156,84
63,159,56
63,165,43
63,167,87
63,172,74
63,178,111
63,180,40
63,181,62
63,192,50
63,193,90
63,195,96
63,197,37
63,199,86
64,67,22
64,70,82
64,71,67
64,85,31
64,88,30
64,89,50
64,91,57
64,95,35
64,96,29
64,100,75
64,104,80
64,106,29
64,108,46
64,109,36
64,110,17
64,111,90
64,115,84
64,117,59
64,118,54
64,121,16
64,125,26
64,128,36
64,129,37
64,130,35
64,132,69
64,136,17
64,144,5
64,147,41
64,148,87
64,149,57
64,151,64
64,153,90
64,155,51
64,156,2
64,162,16
64,166,42
64,167,72
64,172,57
64,173,41
64,174,80
64,179,42
64,184,57
64,190,41
64,192,83
64,199,4
65,66,7
65,67,30
65,75,43
65,77,46
65,79,39
65,83,46
65,85,23
65,91,53
65,93,70
65,94,35
65,101,41
65,107,68
65,109,27
65,111,81
65,112,69
65,117,52
65,121,16
65,122,42
65,123,65
65,124,24
65,126,30
65,129,37
65,132,60
65,141,46
65,142,62
65,143,52
65,145,61
65,146,33
65,150,48
65,154,50
65,156,9
65,158,32
65,159,44
65,164,65
65,165,47
65,169,35
65,170,47
65,172,49
65,173,36
65,184,56
65,185,43
65,187,57
65,193,19
65,194,41
65,195,20
65,196,53
65,197,39
65,198,31
66,78,52
66,80,54
66,84,89
66,88,27
66,92,31
66,93,76
66,94,42
66,108,44
66,113,38
66,117,56
66,120,89
66,121,14
66,127,8
66,132,68
66,136,16
66,138,29
66,142,68
66,144,6
66,146,31
66,147,41
66,153,88
66,155,52
66,167,70
66,171,32
66,173,41
66,178,52
66,183,50
66,191,44
66,196,58
67,70,89
67,73,55
67,74,81
67,75,62
67,77,76
67,80,72
67,81,51
67,83,58
67,84,112
67,89,59
67,99,34
67,105,48
67,108,57
67,109,54
67,111,110
67,112,87
67,118,76
67,121,24
67,123,79
67,125,49
67,126,56
67,127,29
67,135,30
67,136,11
67,141,72
67,159,40
67,161,40
67,163,91
67,167,94
67,168,55
67,169,30
67,175,53
67,176,44
67,181,29
67,183,73
67,193,14
67,194,72
67,195,35
68,69,59
68,71,30
68,73,71
68,82,54
68,89,58
68,91,63
68,95,41
68,97,94
68,100,37
68,101,26
68,110,79
68,111,13
68,113,48
68,114,20
68,115,13
68,117,51
68,120,20
68,121,74
68,123,63
68,125,51
68,127,67
68,135,68
68,137,39
68,146,82
68,147,60
68,149,44
68,157,42
68,163,18
68,164,51
68,165,76
68,168,44
68,169,84
68,170,62
68,176,84
68,177,30
68,181,82
68,182,49
68,184,86
68,187,33
68,188,81
68,189,14
68,191,40
68,193,86
68,195,78
68,197,50
69,70,48
69,74,49
69,78,48
69,83,18
69,84,80
69,89,17
69,90,36
69,94,32
69,99,15
69,100,44
69,101,34
69,111,71
69,115,71
69,124,11
69,133,52
69,134,41
69,135,29
69,136,33
69,137,47
69,139,43
69,161,23
69,163,60
69,166,31
69,171,41
69,172,51
69,173,55
69,174,59
69,176,59
69,179,33
69,186,49
69,194,43
69,195,48
70,71,35
70,74,70
70,87,100
70,88,56
70,90,82
70,93,37
70,94,60
70,103,85
70,106,54
70,109,54
70,111,71
70,114,66
70,118,103
70,120,85
70,124,56
70,125,75
70,126,96
70,127,71
70,130,67
70,135,77
70,136,78
70,138,52
70,140,89
70,142,34
70,143,120
70,158,49
70,162,77
70,167,89
70,172,76
70,173,94
70,175,39
70,177,39
70,178,112
70,179,63
70,182,74
70,184,125
70,186,3
70,189,77
70,190,46
70,194,71
70,198,94
71,74,35
71,77,53
71,80,11
71,81,45
71,94,30
71,98,28
71,99,53
71,100,10
71,111,38
71,112,22
71,116,17
71,119,37
71,120,51
71,123,32
71,124,50
71,127,56
71,139,70
71,149,62
71,158,26
71,160,64
71,161,57
71,162,56
71,170,34
71,172,42
71,174,24
71,175,52
71,181,61
71,182,48
71,185,41
71,187,55
71,189,41
71,193,76
71,194,38
71,199,71
72,73,69
72,80,54
72,85,36
72,86,41
72,87,76
72,89,35
72,91,88
72,92,47
72,95,52
72,96,23
72,101,60
72,102,101
72,103,22
72,107,80
72,109,44
72,111,98
72,112,63
72,113,65
72,114,70
72,116,52
72,118,83
72,120,104
72,122,45
72,124,16
72,134,15
72,135,35
72,139,48
72,140,70
72,147,71
72,151,84
72,154,85
72,155,84
72,156,35
72,157,64
72,158,44
72,160,72
72,161,12
72,163,85
72,164,59
72,177,79
72,184,90
72,190,16
72,192,86
72,194,67
72,196,54
72,197,38
72,198,66
73,77,35
73,89,74
73,108,69
73,112,94
73,115,74
73,120,78
73,121,50
73,122,67
73,124,58
73,134,73
73,135,33
73,143,18
73,144,41
73,147,12
73,151,48
73,152,64
73,157,29
73,159,79
73,162,28
73,163,56
73,164,91
73,177,90
73,178,16
73,179,77
73,184,22
73,186,105
73,187,45
73,188,69
73,190,73
73,194,43
73,196,76
74,76,3
74,80,34
74,82,39
74,85,37
74,87,40
74,91,46
74,100,45
74,101,14
74,109,30
74,113,29
74,114,4
74,123,64
74,124,57
74,125,33
74,128,35
74,131,64
74,138,41
74,142,37
74,144,64
74,146,71
74,149,27
74,151,13
74,154,59
74,156,59
74,163,11
74,164,55
74,166,80
74,168,33
74,169,72
74,170,57
74,171,30
74,180,29
74,185,10
74,188,71
74,192,33
74,193,69
74,195,59
74,196,41
75,80,12
75,86,64
75,90,47
75,91,78
75,92,27
75,93,33
75,99,31
75,102,62
75,105,14
75,112,26
75,115,60
75,117,9
75,124,29
75,128,56
75,133,39
75,135,44
75,136,51
75,137,48
75,140,56
75,141,72
75,142,24
75,143,86
75,144,51
75,147,64
75,150,7
75,151,56
75,152,51
75,154,83
75,157,47
75,159,39
75,161,35
75,162,43
75,166,45
75,167,63
75,170,14
75,171,47
75,174,44
75,183,44
75,188,37
75,192,44
75,195,63
75,198,60
75,199,54
76,77,23
76,78,12
76,80,32
76,81,64
76,84,31
76,86,73
76,87,43
76,91,49
76,94,17
76,98,27
76,99,63
76,100,42
76,101,13
76,102,29
76,103,92
76,108,47
76,110,62
76,118,42
76,124,57
76,126,46
76,127,52
76,132,10
76,134,88
76,135,52
76,141,46
76,146,71
76,152,12
76,154,62
76,155,60
76,156,60
76,159,76
76,164,52
76,165,68
76,166,80
76,168,32
76,173,39
76,183,12
76,187,23
76,189,12
76,192,29
77,79,55
77,87,21
77,93,60
77,94,27
77,97,78
77,100,63
77,107,50
77,113,15
77,119,42
77,123,79
77,124,61
77,130,81
77,131,65
77,133,41
77,134,88
77,135,46
77,140,12
77,141,23
77,142,56
77,148,85
77,149,8
77,151,13
77,159,82
77,162,37
77,165,78
77,169,76
77,178,32
77,184,48
77,187,11
77,188,74
77,197,55
78,80,39
78,82,35
78,84,37
78,85,36
78,90,34
78,97,76
78,100,52
78,101,18
78,105,47
78,108,51
78,110,52
78,113,19
78,117,54
78,120,37
78,127,46
78,129,50
78,130,76
78,131,61
78,137,10
78,138,40
78,149,19
78,151,11
78,153,36
78,154,49
78,156,52
78,164,61
78,168,33
78,169,71
78,173,26
78,175,75
78,177,51
78,178,42
78,179,81
79,83,13
79,87,65
79,90,44
79,91,76
79,93,36
79,94,28
79,104,40
79,105,10
79,106,24
79,108,5
79,110,59
79,111,60
79,115,62
79,116,15
79,118,69
79,122,5
79,133,41
79,134,55
79,136,47
79,137,47
79,140,54
79,142,28
79,143,83
79,146,36
79,148,40
79,155,79
79,157,45
79,170,14
79,175,30
79,179,45
79,183,43
79,184,88
79,185,44
79,189,54
79,196,15
79,197,1
79,198,58
80,83,25
80,85,25
80,86,71
80,87,64
80,88,42
80,102,50
80,106,39
80,108,19
80,113,49
80,114,30
80,121,48
80,123,30
80,128,54
80,133,27
80,136,60
80,137,44
80,142,14
80,144,59
80,145,17
80,151,48
80,153,60
80,155,80
80,157,44
80,160,58
80,161,47
80,163,44
80,164,22
80,167,54
80,169,51
80,172,40
80,174,32
80,178,76
80,180,16
80,182,40
80,189,43
80,194,34
80,196,7
81,83,11
81,87,80
81,89,13
81,90,55
81,94,48
81,96,20
81,105,19
81,106,18
81,107,61
81,109,36
81,110,64
81,122,27
81,125,52
81,128,68
81,132,74
81,135,45
81,140,71
81,146,22
81,152,74
81,153,94
81,156,50
81,160,75
81,161,13
81,163,76
81,164,35
81,172,68
81,173,74
81,178,90
81,179,27
81,185,64
81,186,38
81,191,32
81,193,53
81,196,33
82,83,37
82,84,71
82,87,41
82,95,15
82,97,41
82,103,53
82,104,58
82,110,31
82,112,57
82,114,36
82,127,12
82,129,44
82,139,25
82,140,32
82,145,48
82,147,37
82,152,52
82,157,26
82,158,19
82,167,55
82,171,22
82,172,39
82,183,33
82,185,33
82,186,67
82,189,52
83,92,37
83,97,49
83,102,76
83,103,57
83,106,23
83,115,74
83,116,28
83,118,81
83,124,25
83,125,49
83,129,81
83,130,39
83,132,65
83,133,52
83,141,81
83,146,31
83,147,73
83,150,19
83,152,65
83,154,91
83,159,28
83,161,24
83,166,34
83,169,31
83,179,37
83,192,56
83,195,66
83,199,54
84,85,69
84,90,71
84,93,53
84,96,82
84,97,112
84,98,58
84,100,61
84,101,45
84,102,15
84,103,124
84,104,48
84,107,41
84,111,22
84,112,76
84,116,56
84,122,67
84,123,87
84,132,21
84,138,73
84,146,103
84,147,63
84,148,84
84,151,27
84,152,20
84,153,0
84,154,76
84,156,90
84,158,61
84,159,108
84,163,21
84,165,98
84,168,64
84,170,85
84,171,59
84,174,32
84,176,91
84,178,69
84,180,46
84,185,38
84,186,93
84,188,102
84,199,95
85,86,45
85,91,60
85,94,20
85,95,18
85,98,10
85,103,55
85,108,20
85,109,7
85,110,42
85,113,34
85,115,60
85,119,1
85,120,67
85,123,45
85,128,37
85,130,41
85,134,50
85,139,36
85,140,39
85,145,39
85,154,63
85,159,40
85,165,35
85,168,7
85,169,35
85,171,29
85,172,39
85,173,42
85,179,45
85,180,39
85,186,56
85,187,51
85,190,30
85,195,42
85,197,17
85,198,41
85,199,35
86,88,41
86,90,29
86,96,43
86,103,38
86,106,42
86,107,91
86,112,90
86,114,69
86,115,96
86,117,73
86,119,44
86,125,38
86,126,39
86,131,34
86,132,81
86,133,86
86,135,22
86,136,21
86,142,85
86,145,84
86,152,85
86,155,51
86,161,52
86,174,93
86,175,64
86,186,96
86,187,74
86,192,97
86,198,41
86,199,10
87,88,68
87,90,27
87,92,39
87,95,32
87,97,73
87,99,70
87,100,80
87,103,85
87,110,35
87,122,64
87,123,92
87,124,63
87,126,12
87,128,12
87,130,79
87,131,65
87,137,21
87,142,73
87,152,51
87,157,20
87,158,51
87,160,6
87,161,81
87,162,33
87,165,83
87,168,51
87,169,76
87,170,78
87,175,88
87,178,12
87,182,28
87,185,30
87,191,58
87,193,53
87,194,33
87,196,72
88,89,26
88,90,41
88,94,45
88,96,11
88,103,33
88,104,68
88,105,18
88,106,3
88,107,68
88,108,24
88,110,47
88,118,74
88,120,92
88,123,45
88,131,6
88,132,72
88,136,22
88,140,60
88,142,56
88,154,78
88,155,77
88,160,63
88,166,18
88,172,64
88,179,20
88,186,56
88,187,76
88,189,75
88,192,74
88,194,56
88,197,27
89,90,52
89,91,85
89,94,38
89,97,50
89,98,28
89,100,33
89,106,23
89,107,47
89,109,28
89,112,28
89,113,59
89,121,37
89,125,47
89,126,68
89,135,46
89,142,33
89,144,50
89,145,38
89,149,73
89,152,61
89,155,88
89,157,55
89,158,24
89,161,26
89,170,4
89,171,54
89,172,58
89,183,54
89,186,32
89,192,54
89,198,67
90,91,39
90,93,69
90,97,46
90,102,73
90,112,73
90,115,66
90,116,41
90,121,30
90,123,72
90,132,51
90,134,56
90,136,36
90,142,62
90,145,59
90,147,22
90,156,19
90,158,33
90,162,6
90,164,70
90,169,49
90,174,66
90,176,26
90,182,11
90,190,51
90,192,70
90,198,17
90,199,24
91,92,50
91,93,86
91,94,50
91,95,43
91,99,82
91,103,96
91,104,84
91,113,26
91,118,7
91,121,69
91,134,95
91,138,65
91,140,21
91,142,82
91,143,19
91,145,76
91,146,86
91,147,16
91,150,78
91,151,37
91,152,55
91,157,30
91,162,45
91,163,45
91,164,96
91,168,62
91,169,88
91,171,31
91,172,39
91,175,100
91,176,40
91,181,86
91,186,113
91,191,68
91,192,79
91,196,82
91,197,76
92,96,24
92,98,8
92,99,37
92,104,47
92,109,6
92,111,56
92,114,24
92,115,52
92,122,24
92,124,30
92,126,35
92,127,24
92,132,38
92,135,25
92,142,39
92,148,63
92,154,56
92,156,34
92,163,38
92,167,45
92,172,28
92,174,46
92,175,51
92,177,50
92,180,36
92,183,23
92,184,64
92,187,40
92,190,41
92,192,49
92,195,40
92,196,33
92,197,25
92,199,38
93,115,42
93,118,79
93,119,49
93,120,48
93,121,70
93,125,61
93,129,94
93,139,81
93,140,66
93,144,81
93,149,68
93,150,26
93,157,58
93,158,38
93,160,72
93,161,67
93,169,73
93,177,3
93,182,58
93,183,48
93,187,60
93,188,71
93,195,87
93,196,22
93,197,37
94,96,33
94,97,63
94,99,46
94,103,75
94,108,33
94,110,49
94,111,45
94,112,49
94,113,26
94,115,41
94,116,15
94,119,20
94,121,43
94,122,25
94,124,40
94,127,35
94,130,61
94,135,36
94,139,43
94,141,45
94,145,29
94,146,54
94,149,35
94,151,28
94,156,44
94,166,63
94,167,36
94,170,42
94,171,23
94,174,35
94,183,15
94,190,49
94,191,19
94,192,39
95,98,14
95,104,51
95,105,30
95,111,55
95,112,58
95,114,22
95,115,49
95,118,36
95,119,17
95,120,56
95,121,36
95,128,21
95,137,15
95,139,31
95,144,39
95,150,36
95,151,31
95,154,49
95,157,13
95,159,57
95,166,59
95,171,13
95,175,58
95,177,53
95,180,40
95,181,49
95,182,7
95,184,57
95,188,50
95,192,50
95,194,15
95,195,37
96,101,37
96,102,77
96,106,8
96,109,20
96,112,47
96,113,46
96,115,73
96,116,28
96,118,65
96,120,80
96,122,23
96,131,15
96,134,38
96,137,47
96,141,65
96,147,56
96,150,29
96,151,61
96,152,62
96,153,82
96,154,72
96,159,26
96,161,22
96,163,62
96,168,18
96,170,22
96,172,53
96,177,58
96,185,48
96,189,63
96,190,17
96,193,37
96,197,17
97,98,55
97,100,82
97,101,68
97,106,27
97,107,91
97,108,49
97,115,104
97,116,62
97,118,81
97,120,111
97,122,57
97,126,62
97,128,63
97,134,10
97,135,33
97,137,69
97,140,69
97,142,79
97,143,80
97,146,18
97,147,68
97,148,86
97,150,62
97,153,112
97,155,78
97,156,29
97,158,53
97,159,28
97,164,74
97,166,22
97,169,19
97,172,80
97,173,68
97,175,41
97,176,53
97,177,92
97,180,82
97,184,82
97,191,57
97,192,97
97,195,43
98,99,36
98,109,3
98,115,49
98,116,10
98,121,35
98,126,43
98,129,57
98,132,37
98,133,33
98,135,32
98,136,47
98,145,30
98,148,55
98,154,64
98,155,62
98,159,49
98,166,53
98,167,46
98,170,33
98,171,28
98,178,58
98,179,55
98,182,20
98,192,43
98,198,41
98,199,44
99,108,24
99,115,86
99,116,41
99,125,43
99,126,60
99,131,8
99,135,31
99,139,45
99,157,56
99,158,33
99,162,37
99,169,9
99,175,21
99,176,61
99,177,68
99,185,60
99,189,76
99,199,34
100,101,35
100,102,49
100,115,50
100,122,25
100,133,28
100,134,84
100,142,7
100,143,102
100,145,15
100,152,45
100,157,60
100,163,52
100,164,15
100,165,50
100,167,63
100,168,37
100,169,65
100,170,35
100,172,52
100,175,53
100,177,12
100,179,73
100,182,58
100,197,31
101,104,33
101,106,45
101,108,33
101,112,46
101,115,36
101,119,24
101,120,43
101,121,48
101,130,65
101,131,50
101,135,42
101,136,60
101,139,49
101,140,32
101,142,28
101,143,66
101,150,26
101,151,27
101,153,45
101,156,50
101,157,24
101,163,26
101,165,54
101,167,35
101,173,39
101,180,23
101,181,57
101,186,60
101,187,33
101,188,56
101,189,26
101,196,28
101,197,29
101,198,41
101,199,55
102,104,34
102,110,92
102,113,59
102,115,8
102,128,65
102,129,89
102,131,91
102,132,22
102,134,115
102,136,101
102,137,50
102,139,85
102,140,57
102,148,71
102,149,51
102,154,85
102,155,83
102,156,90
102,159,101
102,163,25
102,166,105
102,169,99
102,172,35
102,174,19
102,177,39
102,178,78
102,180,35
102,184,94
102,185,40
102,188,97
102,192,23
102,193,100
102,194,40
102,195,90
102,196,55
102,197,65
103,110,52
103,120,123
103,128,75
103,132,102
103,133,99
103,136,22
103,141,89
103,142,89
103,147,80
103,149,95
103,152,105
103,153,124
103,155,89
103,156,40
103,158,64
103,163,103
103,165,45
103,169,25
103,173,80
103,184,92
103,189,105
103,190,39
103,197,60
103,198,74
104,107,7
104,108,44
104,110,88
104,111,28
104,112,29
104,113,63
104,117,35
104,121,73
104,122,34
104,123,42
104,124,65
104,127,70
104,128,69
104,129,93
104,130,84
104,132,38
104,134,95
104,136,86
104,146,76
104,147,77
104,150,29
104,152,34
104,153,49
104,173,72
104,175,66
104,178,89
104,179,85
104,184,105
104,185,47
104,193,90
104,195,88
104,198,75
105,114,43
105,118,66
105,119,14
105,120,75
105,124,15
105,125,34
105,128,49
105,131,22
105,133,49
105,136,36
105,142,38
105,146,26
105,148,50
105,150,21
105,151,58
105,154,76
105,156,38
105,165,23
105,169,27
105,172,50
105,179,36
105,187,63
105,190,19
105,193,44
105,195,51
105,197,10
106,108,21
106,111,82
106,113,52
106,117,34
106,136,24
106,140,57
106,143,79
106,147,61
106,149,70
106,152,70
106,153,90
106,160,61
106,164,47
106,183,55
106,185,55
106,187,72
106,191,31
106,196,40
107,108,45
107,109,41
107,110,84
107,115,29
107,116,28
107,120,36
107,122,35
107,123,47
107,127,67
107,130,85
107,135,69
107,137,49
107,141,73
107,143,92
107,145,9
107,146,76
107,149,58
107,151,42
107,153,41
107,169,77
107,172,38
107,173,66
107,174,8
107,175,69
107,178,82
107,180,9
107,185,40
107,192,6
107,194,37
107,198,69
108,113,54
108,114,44
108,117,13
108,120,74
108,121,33
108,126,63
108,128,57
108,132,57
108,137,51
108,140,58
108,143,86
108,145,36
108,147,65
108,150,14
108,153,77
108,160,63
108,164,26
108,171,49
108,173,62
108,174,52
108,175,25
108,181,31
108,182,40
108,185,49
108,190,21
108,191,15
108,193,54
109,110,45
109,115,53
109,118,50
109,124,27
109,128,35
109,131,34
109,134,58
109,135,28
109,136,43
109,137,29
109,138,11
109,140,35
109,141,51
109,142,34
109,144,39
109,146,41
109,147,43
109,148,57
109,149,45
109,151,41
109,154,62
109,163,41
109,166,50
109,167,49
109,182,19
109,184,70
109,186,57
109,189,42
109,190,37
109,193,46
110,113,34
110,117,72
110,118,43
110,123,86
110,132,69
110,139,6
110,142,80
110,148,100
110,152,74
110,155,36
110,157,38
110,162,19
110,166,59
110,167,68
110,172,56
110,175,70
110,176,12
110,178,37
110,182,30
110,187,60
110,190,58
111,114,33
111,117,60
111,118,67
111,120,16
111,121,87
111,123,70
111,137,52
111,138,66
111,145,30
111,150,52
111,157,55
111,162,75
111,170,72
111,172,37
111,174,14
111,175,90
111,179,105
111,180,30
111,181,94
111,183,42
111,185,42
111,194,41
111,195,91
112,116,34
112,120,72
112,121,64
112,126,87
112,132,62
112,144,77
112,145,29
112,150,22
112,152,59
112,162,70
112,163,66
112,165,42
112,169,60
112,173,84
112,176,99
112,181,60
112,187,77
112,189,63
112,191,32
112,194,59
112,195,89
112,196,18
112,197,30
113,114,29
113,128,6
113,130,68
113,136,54
113,137,9
113,140,4
113,143,35
113,147,13
113,151,27
113,152,41
113,154,32
113,155,30
113,156,37
113,157,6
113,173,9
113,175,74
113,180,53
113,181,62
113,182,14
113,186,88
113,188,63
113,192,61
113,196,57
113,197,50
113,199,42
114,118,41
114,123,60
114,124,54
114,125,31
114,133,20
114,138,37
114,141,44
114,146,67
114,148,64
114,151,17
114,156,56
114,158,27
114,159,73
114,161,68
114,162,41
114,163,15
114,169,68
114,174,26
114,175,69
114,183,10
114,193,67
114,195,58
114,196,37
114,199,61
115,130,102
115,134,111
115,142,44
115,143,80
115,148,73
115,150,55
115,151,25
115,154,77
115,159,98
115,165,88
115,166,102
115,168,55
115,173,57
115,176,88
115,182,56
115,186,82
115,187,30
115,192,26
115,194,34
115,198,62
116,118,58
116,120,53
116,126,53
116,127,39
116,132,36
116,139,52
116,146,49
116,156,50
116,157,35
116,161,47
116,165,42
116,167,48
116,169,50
116,170,29
116,171,37
116,177,32
116,180,19
116,185,30
116,186,47
116,192,34
116,196,16
117,124,36
117,128,65
117,132,56
117,133,41
117,135,53
117,140,65
117,141,81
117,144,60
117,145,29
117,146,44
117,148,27
117,149,72
117,150,9
117,153,75
117,156,60
117,162,53
117,163,60
117,166,48
117,168,25
117,171,57
117,176,83
117,178,88
117,180,29
117,182,49
117,185,52
117,186,26
117,189,58
117,191,18
117,194,49
117,197,13
118,129,30
118,130,86
118,137,22
118,144,60
118,145,68
118,148,103
118,150,71
118,153,54
118,154,22
118,162,40
118,164,89
118,178,14
118,180,67
118,183,30
118,185,30
118,187,24
118,189,43
118,190,83
118,191,61
118,192,71
118,193,61
119,124,20
119,126,41
119,130,41
119,132,47
119,133,45
119,138,6
119,140,37
119,145,41
119,146,34
119,148,60
119,149,49
119,153,69
119,154,62
119,162,21
119,170,31
119,178,58
119,189,50
119,192,54
119,194,30
119,196,32
120,121,91
120,124,88
120,125,64
120,132,21
120,137,47
120,141,63
120,142,51
120,143,82
120,150,62
120,151,29
120,153,6
120,154,80
120,158,59
120,165,96
120,170,82
120,172,33
120,174,27
120,177,47
120,178,72
120,182,62
120,183,39
120,185,39
120,189,18
120,193,101
120,194,40
120,195,89
121,123,57
121,125,32
121,127,11
121,128,46
121,130,21
121,137,50
121,141,62
121,142,62
121,150,45
121,154,66
121,157,46
121,158,34
121,162,24
121,164,60
121,165,33
121,171,40
121,183,54
121,184,72
121,186,69
121,188,18
121,191,39
122,126,59
122,127,38
122,129,73
122,132,47
122,133,35
122,135,43
122,139,55
122,140,52
122,141,68
122,143,83
122,145,26
122,146,41
122,148,39
122,149,60
122,152,47
122,155,78
122,158,12
122,160,57
122,163,50
122,169,42
122,171,44
122,173,58
122,174,41
122,177,34
122,186,39
122,188,40
122,193,58
122,195,61
122,197,6
122,199,53
123,127,61
123,128,81
123,130,57
123,136,68
123,139,80
123,146,50
123,148,18
123,163,74
123,165,30
123,181,50
123,182,64
123,184,116
123,187,84
123,197,27
123,199,74
124,125,35
124,126,53
124,128,51
124,136,22
124,139,39
124,144,25
124,148,63
124,152,69
124,156,28
124,158,28
124,162,30
124,166,23
124,171,44
124,175,27
124,177,65
124,180,55
124,182,35
124,183,53
124,184,80
124,188,13
124,189,70
124,191,31
124,192,71
124,193,32
124,194,51
124,195,44
124,197,24
124,198,53
125,130,54
125,132,43
125,142,53
125,144,32
125,146,48
125,151,37
125,155,40
125,157,14
125,163,42
125,165,55
125,172,30
125,173,21
125,178,37
125,180,50
125,182,2
125,184,50
125,186,77
125,189,45
125,191,33
125,193,36
125,197,39
125,198,19
126,128,8
126,130,68
126,136,51
126,138,46
126,142,72
126,143,23
126,144,40
126,145,68
126,146,64
126,150,64
126,153,68
126,154,21
126,156,32
126,160,13
126,163,48
126,170,71
126,171,15
126,173,9
126,177,81
126,178,17
126,179,75
126,180,67
126,181,64
126,182,22
126,185,33
126,186,98
126,193,41
126,195,22
126,197,60
127,130,33
127,131,19
127,136,20
127,138,20
127,148,76
127,150,44
127,157,35
127,159,39
127,163,61
127,171,29
127,173,40
127,179,39
127,180,59
127,181,28
127,186,72
127,188,29
127,191,36
127,194,42
127,195,25
128,133,55
128,134,73
128,138,41
128,139,24
128,141,17
128,142,64
128,143,30
128,162,21
128,163,40
128,168,40
128,170,66
128,172,29
128,175,76
128,183,25
128,184,36
128,187,31
128,199,39
129,132,66
129,134,74
129,138,58
129,139,22
129,140,31
129,142,87
129,146,70
129,148,112
129,154,16
129,164,97
129,171,31
129,172,53
129,173,24
129,178,19
129,182,36
129,183,50
129,191,68
129,193,40
129,194,51
129,198,19
130,134,10
130,136,19
130,139,50
130,140,73
130,144,30
130,147,74
130,149,87
130,155,86
130,157,68
130,161,16
130,163,90
130,173,74
130,174,90
130,176,63
130,188,10
130,189,91
130,190,21
130,191,52
130,192,91
131,132,74
131,140,58
131,142,60
131,143,76
131,144,21
131,145,63
131,152,76
131,157,52
131,158,35
131,162,31
131,165,26
131,167,81
131,172,64
131,174,77
131,183,59
131,185,59
131,186,63
131,189,76
131,192,78
131,196,48
131,197,32
132,133,21
132,135,61
132,136,81
132,139,63
132,146,81
132,149,30
132,150,47
132,155,61
132,156,69
132,158,40
132,159,86
132,160,40
132,162,53
132,163,4
132,165,78
132,170,66
132,171,39
132,172,13
132,173,42
132,175,82
132,176,73
132,178,56
132,180,32
132,182,41
132,183,18
132,187,19
132,197,53
132,198,48
133,134,93
133,140,50
133,142,21
133,144,76
133,145,13
133,147,62
133,148,51
133,158,34
133,164,41
133,166,83
133,172,28
133,173,57
133,175,71
133,179,85
133,183,30
133,186,59
133,187,39
133,196,31
133,199,77
134,136,20
134,138,47
134,148,86
134,150,65
134,151,96
134,160,81
134,166,17
134,167,104
134,168,56
134,174,100
134,176,64
134,179,14
134,182,61
134,187,98
134,190,31
134,191,62
134,192,101
134,193,34
134,196,69
134,197,54
135,136,22
135,141,45
135,144,13
135,149,50
135,153,82
135,157,33
135,161,42
135,163,60
135,168,31
135,169,36
135,176,30
135,177,74
135,178,48
135,181,34
135,188,35
135,192,75
135,197,40
136,143,70
136,145,76
136,150,58
136,152,84
136,155,68
136,159,32
136,165,40
136,168,44
136,169,21
136,173,58
136,175,43
136,176,44
136,179,26
136,181,20
136,190,32
137,145,46
137,149,16
137,155,37
137,156,44
137,157,4
137,161,69
137,163,25
137,165,69
137,170,61
137,177,59
137,189,29
137,193,54
137,194,11
137,197,48
137,199,49
138,139,38
138,140,43
138,141,58
138,150,24
138,152,53
138,155,66
138,158,12
138,161,31
138,163,53
138,165,30
138,166,38
138,167,60
138,185,39
138,194,35
138,195,44
138,196,29
138,197,15
139,140,32
139,142,73
139,146,47
139,150,61
139,152,68
139,153,83
139,157,32
139,159,59
139,162,13
139,163,62
139,167,63
139,175,66
139,177,84
139,178,36
139,180,71
139,185,45
139,186,92
139,189,65
139,192,82
139,194,44
139,196,66
140,144,49
140,152,40
140,153,52
140,154,30
140,156,42
140,158,40
140,160,5
140,161,73
140,174,56
140,182,19
140,185,18
140,186,91
140,193,52
140,194,21
140,195,35
140,196,60
140,199,47
141,151,35
141,156,49
141,158,56
141,160,10
141,164,91
141,175,93
141,178,9
141,181,79
141,183,34
141,185,33
141,188,80
141,189,48
141,193,57
141,198,15
141,199,53
142,143,94
142,145,8
142,157,53
142,161,59
142,163,45
142,166,69
142,168,32
142,170,36
142,173,68
142,176,88
142,185,44
142,187,57
142,188,62
142,190,53
142,196,13
142,197,28
143,146,86
143,147,22
143,150,88
143,156,51
143,165,98
143,166,96
143,170,95
143,173,26
143,175,103
143,182,46
143,185,52
143,188,87
143,189,68
143,191,78
144,147,47
144,148,87
144,151,69
144,154,57
144,158,43
144,159,41
144,160,50
144,163,74
144,166,38
144,168,41
144,169,30
144,176,33
144,178,57
144,179,37
144,180,72
145,146,67
145,153,47
145,161,64
145,162,58
145,163,37
145,164,28
145,166,74
145,173,63
145,181,67
145,191,24
145,195,77
145,196,19
145,198,65
145,199,74
146,149,80
146,163,82
146,169,1
146,170,31
146,171,56
146,172,72
146,174,82
146,176,62
146,179,11
146,180,67
146,187,84
146,189,83
147,148,99
147,152,52
147,157,19
147,160,7
147,161,76
147,168,48
147,169,71
147,173,4
147,177,80
147,186,100
147,187,32
147,193,48
147,194,33
147,195,29
147,199,44
148,152,68
148,160,94
148,166,69
148,170,36
148,176,110
148,177,32
148,178,113
148,179,73
148,183,73
148,186,12
148,187,88
148,190,54
148,196,29
149,155,32
149,166,91
149,172,20
149,173,17
149,176,49
149,178,26
149,179,92
149,182,32
149,185,20
149,187,12
149,191,54
149,194,24
149,198,24
150,153,66
150,154,85
150,159,46
150,161,42
150,164,18
150,166,52
150,168,19
150,170,20
150,175,38
150,176,77
150,185,43
150,188,44
150,189,49
150,194,39
150,198,62
151,159,88
151,161,83
151,164,69
151,177,54
151,182,35
151,185,13
151,188,81
151,189,13
151,191,46
151,199,68
152,154,69
152,158,41
152,159,88
152,162,57
152,164,58
152,165,78
152,168,44
152,174,19
152,176,78
152,180,29
152,182,45
152,184,78
152,193,83
152,194,23
152,197,53
153,161,103
153,162,74
153,165,99
153,168,64
153,169,104
153,173,58
153,178,68
153,182,61
153,185,38
153,189,19
153,190,97
153,194,40
153,195,87
153,199,94
154,155,2
154,156,50
154,162,44
154,163,60
154,165,96
154,166,94
154,168,67
154,170,93
154,173,23
154,175,100
154,178,7
154,179,94
154,182,43
154,185,49
154,190,89
154,193,56
154,195,35
155,159,94
155,161,90
155,163,58
155,167,53
155,183,47
155,186,117
155,187,44
155,192,90
155,195,34
155,196,87
156,157,40
156,158,41
156,159,46
156,171,32
156,175,55
156,185,51
156,188,36
156,190,43
156,191,48
156,192,83
156,199,5
157,158,31
157,161,66
157,164,66
157,168,32
157,170,59
157,175,71
157,177,61
157,179,73
157,180,47
157,181,61
157,193,50
157,199,45
158,159,46
158,163,42
158,164,36
158,166,49
158,168,2
158,170,28
158,171,32
158,174,41
158,178,62
158,180,29
158,184,76
158,185,30
158,188,40
158,190,35
158,192,43
158,196,22
159,160,80
159,161,4
159,173,78
159,176,74
159,178,93
159,184,101
159,192,84
159,196,50
159,198,75
160,162,30
160,167,34
160,169,72
160,172,27
160,173,3
160,192,67
160,195,34
160,199,47
161,166,10
161,173,75
161,174,79
161,176,71
161,181,10
161,183,69
161,190,6
161,195,60
161,198,71
162,164,66
162,165,52
162,167,55
162,176,29
162,180,57
162,182,12
162,183,35
162,184,50
162,185,35
162,186,79
162,187,48
162,188,42
162,189,56
162,193,26
162,195,19
162,198,23
163,176,70
163,179,94
163,182,40
163,183,17
163,186,82
163,198,45
164,167,74
164,168,37
164,172,61
164,174,44
164,178,98
164,179,62
164,180,29
164,186,18
164,190,43
165,166,20
165,168,36
165,170,15
165,175,4
165,192,72
165,196,37
166,168,47
166,170,34
166,174,89
166,175,20
166,179,3
166,184,99
166,186,60
166,190,16
166,196,55
166,197,41
166,198,74
166,199,42
167,170,78
167,172,16
167,177,57
167,178,47
167,185,21
167,186,92
167,195,67
167,196,61
167,197,64
168,169,40
168,171,32
168,172,36
168,175,41
168,179,49
168,186,52
168,190,33
168,194,28
168,197,14
169,170,31
169,171,58
169,172,74
169,173,70
169,174,83
169,182,50
169,183,68
169,185,69
169,189,85
169,197,35
170,173,72
170,174,58
170,176,79
170,177,47
170,178,89
170,182,50
170,188,29
170,191,24
170,193,59
171,172,26
171,173,13
171,175,68
171,181,56
171,187,31
171,194,21
171,198,13
172,173,29
172,182,28
172,187,13
172,188,72
172,192,40
172,196,47
173,174,63
173,177,76
173,179,80
173,184,32
173,186,97
173,191,52
173,193,49
173,195,31
173,198,6
174,176,91
174,177,20
174,180,16
174,182,54
174,184,95
174,188,81
174,192,6
174,193,90
174,196,36
174,199,84
175,176,82
175,177,65
175,179,24
175,180,60
175,181,23
175,183,72
175,184,107
175,185,73
175,188,21
175,189,85
175,190,11
175,191,40
175,199,55
176,178,31
176,181,62
176,183,55
176,189,75
176,191,67
177,189,43
177,194,48
178,179,93
178,187,39
178,197,76
179,183,78
179,185,79
179,187,96
179,189,95
179,192,92
179,196,59
179,199,41
180,181,67
180,183,36
180,187,49
180,188,66
180,190,57
180,191,24
180,193,79
180,194,34
180,195,77
180,199,74
181,183,66
181,187,84
181,189,83
181,193,34
181,199,33
182,187,37
182,189,43
182,193,38
182,198,20
182,199,33
183,184,58
183,185,0
184,185,58
184,192,101
184,197,89
185,186,78
185,191,35
185,194,3
185,195,50
186,187,93
187,193,74
187,194,21
187,196,61
187,197,62
187,199,69
189,190,78
189,193,82
189,196,49
189,197,55
189,199,76
190,191,35
190,192,73
190,197,25
190,198,68
191,193,56
191,194,31
191,195,57
192,194,40
192,197,48
192,199,87
193,195,21
193,196,69
194,198,32
195,197,59
196,197,16
196,198,66
197,198,58
197,199,49
