# Edges: fromIndex, toIndex, edgeCost
0,1,32
0,2,70
0,3,111
0,8,44
0,9,36
0,11,105
0,13,38
0,16,27
0,19,78
0,21,96
0,26,33
0,27,53
0,29,78
0,33,70
0,35,83
0,38,22
0,40,91
0,47,31
0,48,99
0,50,71
0,51,40
0,55,62
0,56,26
0,57,45
0,62,66
0,67,96
0,68,66
0,69,66
0,74,52
0,78,29
0,81,55
0,82,89
0,91,65
0,95,95
0,96,70
0,98,80
0,100,47
0,101,92
0,105,80
0,106,23
0,107,6
0,108,82
0,111,89
0,114,37
0,116,43
0,118,37
0,120,46
0,121,24
0,123,80
0,124,36
0,127,64
0,129,31
0,131,101
0,132,48
0,136,54
0,137,80
0,140,39
0,141,11
0,143,42
0,146,64
0,147,92
0,148,64
0,149,35
0,152,10
0,153,116
0,156,83
0,160,65
0,161,67
0,164,76
0,166,74
0,167,102
0,171,42
0,173,25
0,177,63
0,180,87
0,182,20
0,183,57
0,184,79
0,185,51
0,186,68
0,189,99
0,192,37
0,195,8
0,196,21
0,199,97
1,3,78
1,6,78
1,7,45
1,8,30
1,12,33
1,14,32
1,17,74
1,19,48
1,21,70
1,24,71
1,25,32
1,26,31
1,30,64
1,34,54
1,37,65
1,38,26
1,40,73
1,41,62
1,43,34
1,46,22
1,48,67
1,51,34
1,52,56
1,54,51
1,58,21
1,61,13
1,65,26
1,69,41
1,71,56
1,73,60
1,75,62
1,76,63
1,77,46
1,80,75
1,82,57
1,83,39
1,85,59
1,86,32
1,89,19
1,94,43
1,96,52
1,99,69
1,104,71
1,105,54
1,106,37
1,111,69
1,114,12
1,115,35
1,118,37
1,119,80
1,122,60
1,126,65
1,129,4
1,130,39
1,139,72
1,142,14
1,148,37
1,150,58
1,153,84
1,156,54
1,157,43
1,166,45
1,167,70
1,169,22
1,170,16
1,171,10
1,173,19
1,175,78
1,176,23
1,177,35
1,179,32
1,184,55
1,191,10
1,195,28
1,196,16
1,199,64
2,3,50
2,4,44
2,5,27
2,8,63
2,13,38
2,16,50
2,18,45
2,19,9
2,25,34
2,27,19
2,28,39
2,30,31
2,31,18
2,32,28
2,34,33
2,39,45
2,41,40
2,42,36
2,43,67
2,47,40
2,48,40
2,55,9
2,58,29
2,60,37
2,61,27
2,62,78
2,64,51
2,65,66
2,67,40
2,68,6
2,69,56
2,70,27
2,73,61
2,74,34
2,75,82
2,77,6
2,80,43
2,83,25
2,84,43
2,91,73
2,96,30
2,100,44
2,103,58
2,104,30
2,110,20
2,111,39
2,115,63
2,116,28
2,119,49
2,123,37
2,125,14
2,133,48
2,134,13
2,136,39
2,137,60
2,145,23
2,149,69
2,153,56
2,157,64
2,161,77
2,165,21
2,168,14
2,169,56
2,173,46
2,177,7
2,179,16
2,181,39
2,184,22
2,185,18
2,186,39
2,187,23
2,190,48
2,191,47
2,192,40
2,193,63
2,198,4
3,5,31
3,7,39
3,10,42
3,12,96
3,15,44
3,16,85
3,17,90
3,18,81
3,21,58
3,26,98
3,28,89
3,30,20
3,31,60
3,39,86
3,40,84
3,41,17
3,43,86
3,49,60
3,58,58
3,59,66
3,67,15
3,69,62
3,73,48
3,74,85
3,78,90
3,80,79
3,82,22
3,83,39
3,84,46
3,85,22
3,88,90
3,89,67
3,90,86
3,91,81
3,94,77
3,95,17
3,98,64
3,106,111
3,107,109
3,108,33
3,112,83
3,117,104
3,122,45
3,123,34
3,127,48
3,128,51
3,129,80
3,130,43
3,131,11
3,132,76
3,134,58
3,135,89
3,138,16
3,140,89
3,142,82
3,143,85
3,144,49
3,148,60
3,150,53
3,151,96
3,152,102
3,154,30
3,155,91
3,156,44
3,157,71
3,158,92
3,159,87
3,161,83
3,164,35
3,166,51
3,167,14
3,168,55
3,172,102
3,179,67
3,181,87
3,183,53
3,187,57
3,188,24
3,190,41
3,194,49
3,199,15
4,8,77
4,14,58
4,17,86
4,24,73
4,25,78
4,26,91
4,29,32
4,31,52
4,32,45
4,43,79
4,44,16
4,45,78
4,49,57
4,50,63
4,51,85
4,52,74
4,56,97
4,59,60
4,61,60
4,63,78
4,68,43
4,70,23
4,74,79
4,75,75
4,87,47
4,88,83
4,89,60
4,90,81
4,91,74
4,93,19
4,96,73
4,98,58
4,99,63
4,100,88
4,106,104
4,117,97
4,123,27
4,124,67
4,125,55
4,129,72
4,133,39
4,137,48
4,144,42
4,145,36
4,146,51
4,150,48
4,151,89
4,153,13
4,156,38
4,158,84
4,161,77
4,163,75
4,164,28
4,165,54
4,166,44
4,169,74
4,170,60
4,174,23
4,175,7
4,177,51
4,181,81
4,189,31
4,193,103
4,194,43
4,198,43
5,10,37
5,11,28
5,12,67
5,13,58
5,14,38
5,15,24
5,17,76
5,19,23
5,21,52
5,22,59
5,24,65
5,25,57
5,26,68
5,27,43
5,28,62
5,31,29
5,37,19
5,39,72
5,40,71
5,42,63
5,43,58
5,48,20
5,50,49
5,51,63
5,52,59
5,54,39
5,58,26
5,59,46
5,61,36
5,62,62
5,64,48
5,67,17
5,68,24
5,70,25
5,75,61
5,78,60
5,79,20
5,80,69
5,82,11
5,84,21
5,87,23
5,88,63
5,90,69
5,91,57
5,99,57
5,100,67
5,102,31
5,105,36
5,106,80
5,108,14
5,109,23
5,110,23
5,111,65
5,115,79
5,118,72
5,119,34
5,120,34
5,122,33
5,124,43
5,127,18
5,129,48
5,130,14
5,131,22
5,144,17
5,147,36
5,149,65
5,151,67
5,154,16
5,159,60
5,162,7
5,163,57
5,164,6
5,166,29
5,168,39
5,169,51
5,170,37
5,177,32
5,180,27
5,182,73
5,186,19
5,187,26
5,188,8
5,191,57
5,193,80
5,195,75
5,197,58
5,199,18
6,7,60
6,10,48
6,14,48
6,17,5
6,25,49
6,27,49
6,29,94
6,32,42
6,33,110
6,35,104
6,36,112
6,39,6
6,40,6
6,41,86
6,44,85
6,45,127
6,48,83
6,49,30
6,51,112
6,52,127
6,54,112
6,55,48
6,57,100
6,60,25
6,62,126
6,65,102
6,66,97
6,67,85
6,73,112
6,74,43
6,75,132
6,78,66
6,80,11
6,82,75
6,85,89
6,86,76
6,87,68
6,88,45
6,89,89
6,90,16
6,93,75
6,95,87
6,100,48
6,102,96
6,106,76
6,108,91
6,110,58
6,113,93
6,114,66
6,115,78
6,117,98
6,120,67
6,121,72
6,124,74
6,127,66
6,128,91
6,133,100
6,134,58
6,136,40
6,137,111
6,139,87
6,142,66
6,143,52
6,145,50
6,147,47
6,148,46
6,152,85
6,154,64
6,156,105
6,160,71
6,164,82
6,165,64
6,166,102
6,167,94
6,168,38
6,171,80
6,173,70
6,180,53
6,183,73
6,184,28
6,187,71
6,193,74
6,198,48
7,12,56
7,13,48
7,15,40
7,16,53
7,21,36
7,22,63
7,28,50
7,36,68
7,41,28
7,46,65
7,48,28
7,50,33
7,52,72
7,54,54
7,56,65
7,58,28
7,60,49
7,62,74
7,63,60
7,67,28
7,70,18
7,72,25
7,75,76
7,76,21
7,78,52
7,82,17
7,83,17
7,88,50
7,89,41
7,90,52
7,91,69
7,92,37
7,93,15
7,98,61
7,102,42
7,106,73
7,108,30
7,111,48
7,114,39
7,118,61
7,121,54
7,122,50
7,125,23
7,127,13
7,133,40
7,134,19
7,135,58
7,143,46
7,148,21
7,149,70
7,150,54
7,152,66
7,156,44
7,158,64
7,161,72
7,164,22
7,169,56
7,171,38
7,173,55
7,177,18
7,178,63
7,184,32
7,198,12
7,199,24
8,11,84
8,12,62
8,17,103
8,20,84
8,22,11
8,26,60
8,27,58
8,31,45
8,34,61
8,39,101
8,40,102
8,43,4
8,46,18
8,47,33
8,49,93
8,51,8
8,55,61
8,57,8
8,60,85
8,61,39
8,64,12
8,65,22
8,70,79
8,71,76
8,73,48
8,75,36
8,76,74
8,83,48
8,84,38
8,86,55
8,91,21
8,93,61
8,94,72
8,97,99
8,100,70
8,101,85
8,103,8
8,107,38
8,109,35
8,111,98
8,113,61
8,115,58
8,117,32
8,118,66
8,121,44
8,125,54
8,126,65
8,130,41
8,131,77
8,134,51
8,135,23
8,137,40
8,138,79
8,144,40
8,145,84
8,149,12
8,152,41
8,153,89
8,154,68
8,155,94
8,157,21
8,158,14
8,161,24
8,166,36
8,167,72
8,169,8
8,170,44
8,174,80
8,176,51
8,177,60
8,183,39
8,185,48
8,188,61
8,190,46
8,193,62
8,195,46
8,196,42
8,199,74
9,11,84
9,13,49
9,15,47
9,16,15
9,18,18
9,21,91
9,24,94
9,25,55
9,27,53
9,28,57
9,30,76
9,35,50
9,36,11
9,37,74
9,40,96
9,41,69
9,42,70
9,45,34
9,46,10
9,48,75
9,50,72
9,51,10
9,54,41
9,57,10
9,61,34
9,62,31
9,64,8
9,67,71
9,68,53
9,69,31
9,70,78
9,71,74
9,74,61
9,76,74
9,77,64
9,81,56
9,83,48
9,93,61
9,94,66
9,96,76
9,97,94
9,98,44
9,99,91
9,100,62
9,103,14
9,105,46
9,109,38
9,112,52
9,113,53
9,114,36
9,115,50
9,117,24
9,120,35
9,121,36
9,126,68
9,131,78
9,132,51
9,134,47
9,147,82
9,148,59
9,157,28
9,164,51
9,168,73
9,170,38
9,173,39
9,174,79
9,176,43
9,177,56
9,178,7
9,187,36
9,189,85
9,192,20
9,194,69
9,197,49
10,12,67
10,13,61
10,16,75
10,17,48
10,20,42
10,21,16
10,24,34
10,26,71
10,29,55
10,33,77
10,36,92
10,40,42
10,41,41
10,48,36
10,52,96
10,56,79
10,61,52
10,62,98
10,64,75
10,65,91
10,72,48
10,73,72
10,75,99
10,76,27
10,77,20
10,79,58
10,82,30
10,85,45
10,92,58
10,94,42
10,97,35
10,98,84
10,100,63
10,102,49
10,103,80
10,106,86
10,108,51
10,111,36
10,112,55
10,113,102
10,114,57
10,115,86
10,118,72
10,119,36
10,121,71
10,122,70
10,123,48
10,124,61
10,127,36
10,129,69
10,132,48
10,134,38
10,136,56
10,137,74
10,140,61
10,142,62
10,143,57
10,144,46
10,157,83
10,158,87
10,164,44
10,167,48
10,175,45
10,176,72
10,179,38
10,181,47
10,184,25
10,191,72
10,194,16
10,197,61
10,199,31
11,16,81
11,17,77
11,20,13
11,21,44
11,22,88
11,27,60
11,29,41
11,30,9
11,32,34
11,38,95
11,41,19
11,44,11
11,45,88
11,46,90
11,53,55
11,56,95
11,57,75
11,58,53
11,60,73
11,61,60
11,65,96
11,66,34
11,70,14
11,74,74
11,77,34
11,83,35
11,85,26
11,87,48
11,91,84
11,92,43
11,93,23
11,102,21
11,104,32
11,105,58
11,109,50
11,113,116
11,122,52
11,127,41
11,129,75
11,131,7
11,137,59
11,139,11
11,140,79
11,142,75
11,148,49
11,149,94
11,151,88
11,154,20
11,156,49
11,161,87
11,163,70
11,166,54
11,167,22
11,168,42
11,169,80
11,170,60
11,171,64
11,172,97
11,181,74
11,182,96
11,188,23
11,191,82
11,192,69
11,195,100
11,198,38
12,13,9
12,15,78
12,16,39
12,18,37
12,21,64
12,22,54
12,27,26
12,31,38
12,36,66
12,37,82
12,38,50
12,39,52
12,41,82
12,44,98
12,46,48
12,47,30
12,54,83
12,58,48
12,61,33
12,62,85
12,63,56
12,71,62
12,77,52
12,78,13
12,79,78
12,81,26
12,83,61
12,85,81
12,87,45
12,93,69
12,96,35
12,98,89
12,100,9
12,102,98
12,104,70
12,111,53
12,113,36
12,117,43
12,119,95
12,124,32
12,126,88
12,127,49
12,130,65
12,131,84
12,132,20
12,133,77
12,135,40
12,143,10
12,144,53
12,154,66
12,157,77
12,158,52
12,159,74
12,163,21
12,166,76
12,167,91
12,170,30
12,171,41
12,172,42
12,173,16
12,175,97
12,177,38
12,184,46
12,186,66
12,190,79
12,192,40
12,198,48
12,199,80
13,15,69
13,16,33
13,17,52
13,18,30
13,19,47
13,20,86
13,22,48
13,23,33
13,26,10
13,28,8
13,31,29
13,35,74
13,42,22
13,43,60
13,45,81
13,50,34
13,52,82
13,56,18
13,58,39
13,65,46
13,68,37
13,72,57
13,73,81
13,77,44
13,79,69
13,83,52
13,85,72
13,86,23
13,89,44
13,90,41
13,92,69
13,94,23
13,96,32
13,97,53
13,98,81
13,99,54
13,100,13
13,101,58
13,104,64
13,110,58
13,111,51
13,113,41
13,116,24
13,117,41
13,120,25
13,124,24
13,125,25
13,126,79
13,129,30
13,131,75
13,134,29
13,136,18
13,143,4
13,147,58
13,149,56
13,151,10
13,153,93
13,155,41
13,157,69
13,159,68
13,160,44
13,163,19
13,164,58
13,168,44
13,175,88
13,176,12
13,178,45
13,179,22
13,180,55
13,184,41
13,185,24
13,186,57
13,193,24
13,195,29
13,196,18
13,198,41
14,19,23
14,22,56
14,24,39
14,25,20
14,27,5
14,33,62
14,36,65
14,38,58
14,39,42
14,42,24
14,45,79
14,46,54
14,47,31
14,48,53
14,49,36
14,51,65
14,53,62
14,57,52
14,61,20
14,64,47
14,66,57
14,67,53
14,70,41
14,71,30
14,73,68
14,74,21
14,75,84
14,77,20
14,83,34
14,84,49
14,86,46
14,92,54
14,94,16
14,95,53
14,96,23
14,97,40
14,106,49
14,110,34
14,113,64
14,118,36
14,119,63
14,120,19
14,122,67
14,124,27
14,129,36
14,134,10
14,137,66
14,138,49
14,141,54
14,144,30
14,150,69
14,152,47
14,153,70
14,154,34
14,155,37
14,156,61
14,161,77
14,166,56
14,168,21
14,170,16
14,172,55
14,173,33
14,175,65
14,176,34
14,177,6
14,184,23
14,185,11
14,188,46
14,192,34
14,193,49
14,197,24
14,199,49
15,23,48
15,28,75
15,30,42
15,33,18
15,34,25
15,35,4
15,36,48
15,38,61
15,39,95
15,40,94
15,41,28
15,44,54
15,50,70
15,51,51
15,52,36
15,54,15
15,57,36
15,59,68
15,60,85
15,61,45
15,62,42
15,68,44
15,71,52
15,77,49
15,78,68
15,83,23
15,86,82
15,88,78
15,89,31
15,94,72
15,98,22
15,102,39
15,103,34
15,105,11
15,108,11
15,111,88
15,113,95
15,115,85
15,118,83
15,120,44
15,128,15
15,130,14
15,131,40
15,132,63
15,133,1
15,136,81
15,137,11
15,138,44
15,140,72
15,142,60
15,146,16
15,149,55
15,151,76
15,152,72
15,154,40
15,158,53
15,159,44
15,161,39
15,162,30
15,166,7
15,167,30
15,171,39
15,172,67
15,173,68
15,179,59
15,182,79
15,185,47
15,186,12
15,187,35
15,189,58
15,191,60
15,197,69
16,17,83
16,19,57
16,20,84
16,22,15
16,23,3
16,25,40
16,27,39
16,30,72
16,32,78
16,33,44
16,34,61
16,37,72
16,38,16
16,40,83
16,41,68
16,42,55
16,43,27
16,46,12
16,48,74
16,59,59
16,60,64
16,62,46
16,68,45
16,69,40
16,73,61
16,75,58
16,78,26
16,79,53
16,82,64
16,88,47
16,89,20
16,91,44
16,93,58
16,97,81
16,99,79
16,102,84
16,104,80
16,106,39
16,107,24
16,108,55
16,112,37
16,113,43
16,114,22
16,117,19
16,118,43
16,124,14
16,126,70
16,132,37
16,133,50
16,134,37
16,135,4
16,136,52
16,138,76
16,142,22
16,146,37
16,147,73
16,150,58
16,153,90
16,154,62
16,157,40
16,159,34
16,164,50
16,165,29
16,166,47
16,169,15
16,171,16
16,172,16
16,175,85
16,177,45
16,179,42
16,188,61
16,195,26
16,197,33
17,18,79
17,19,53
17,21,33
17,27,45
17,29,92
17,35,102
17,38,98
17,39,4
17,43,107
17,44,86
17,46,95
17,48,82
17,52,124
17,59,30
17,60,20
17,62,123
17,66,95
17,67,85
17,68,54
17,72,83
17,73,110
17,79,95
17,90,11
17,91,118
17,95,86
17,97,13
17,102,96
17,103,101
17,106,71
17,107,93
17,114,61
17,117,93
17,120,63
17,123,86
17,131,79
17,133,97
17,134,55
17,135,86
17,140,51
17,145,50
17,149,106
17,150,112
17,153,95
17,154,63
17,156,102
17,159,114
17,160,69
17,173,65
17,174,63
17,180,53
17,181,17
17,184,26
17,188,81
17,192,78
17,193,69
17,194,44
17,198,47
17,199,77
18,19,53
18,24,77
18,25,37
18,27,35
18,28,39
18,29,48
18,33,43
18,36,29
18,39,78
18,43,29
18,45,50
18,48,70
18,53,50
18,56,35
18,62,48
18,67,66
18,68,40
18,72,43
18,78,24
18,80,81
18,81,38
18,87,29
18,90,68
18,91,45
18,92,51
18,93,54
18,98,54
18,100,44
18,101,69
18,103,27
18,104,76
18,105,53
18,107,28
18,110,62
18,114,18
18,117,23
18,123,49
18,125,33
18,128,35
18,131,72
18,132,33
18,134,32
18,135,8
18,137,53
18,138,71
18,139,75
18,141,20
18,142,19
18,144,32
18,145,69
18,149,26
18,151,31
18,155,69
18,157,40
18,159,37
18,162,46
18,163,47
18,168,58
18,172,20
18,173,22
18,176,26
18,181,63
18,183,28
18,185,27
18,186,38
18,187,25
18,193,39
18,194,55
18,196,18
18,197,30
18,199,68
19,20,41
19,21,29
19,27,29
19,28,48
19,30,22
19,31,26
19,34,27
19,39,49
19,40,48
19,41,33
19,44,42
19,45,80
19,47,48
19,48,31
19,49,29
19,54,61
19,56,65
19,58,34
19,60,44
19,61,34
19,62,80
19,65,73
19,71,8
19,72,32
19,77,3
19,81,29
19,82,22
19,84,42
19,90,46
19,97,42
19,102,46
19,103,61
19,105,58
19,106,73
19,108,37
19,110,10
19,113,87
19,114,41
19,115,72
19,118,60
19,119,39
19,123,33
19,125,23
19,127,18
19,133,47
19,134,21
19,138,26
19,140,49
19,141,72
19,143,44
19,146,51
19,150,61
19,151,57
19,155,50
19,158,68
19,159,76
19,161,79
19,167,41
19,171,42
19,175,43
19,176,57
19,178,68
19,182,66
19,183,28
19,184,26
19,187,28
19,193,72
19,198,7
20,21,58
20,23,81
20,25,84
20,26,97
20,34,23
20,35,43
20,36,90
20,37,12
20,38,98
20,41,16
20,42,86
20,43,86
20,44,11
20,45,84
20,49,60
20,50,68
20,51,92
20,54,58
20,57,76
20,59,65
20,62,86
20,63,84
20,64,78
20,68,50
20,69,62
20,71,38
20,73,48
20,75,80
20,77,45
20,78,90
20,80,79
20,86,106
20,87,53
20,90,86
20,94,76
20,95,16
20,96,78
20,98,63
20,102,8
20,107,109
20,108,33
20,109,48
20,110,32
20,112,83
20,113,123
20,114,76
20,118,100
20,122,45
20,124,74
20,125,61
20,132,75
20,133,45
20,135,89
20,140,88
20,149,95
20,150,53
20,157,71
20,158,91
20,159,87
20,161,83
20,164,34
20,169,81
20,171,68
20,173,92
20,174,27
20,175,3
20,180,37
20,181,86
20,182,103
20,183,53
20,184,65
20,187,57
20,188,23
20,195,106
20,197,87
20,198,49
21,22,94
21,26,68
21,27,43
21,29,69
21,30,40
21,32,10
21,33,90
21,34,54
21,36,101
21,38,97
21,40,26
21,44,52
21,46,93
21,51,101
21,54,90
21,55,35
21,59,24
21,60,37
21,61,57
21,64,83
21,66,69
21,67,56
21,69,87
21,70,32
21,73,87
21,75,112
21,78,67
21,79,72
21,83,54
21,85,61
21,86,82
21,90,34
21,92,73
21,100,58
21,101,14
21,102,65
21,104,12
21,110,29
21,111,22
21,115,85
21,117,96
21,120,56
21,121,72
21,123,62
21,124,66
21,126,67
21,131,48
21,132,48
21,134,44
21,136,50
21,138,42
21,140,59
21,142,63
21,147,16
21,148,33
21,149,101
21,154,36
21,158,93
21,160,50
21,163,43
21,164,58
21,169,88
21,171,68
21,172,94
21,173,71
21,176,71
21,178,92
21,184,18
21,186,68
21,194,23
21,196,75
21,197,59
21,199,47
22,23,16
22,24,96
22,26,50
22,27,54
22,30,79
22,31,43
22,32,90
22,35,55
22,36,12
22,37,78
22,38,10
22,41,73
22,43,14
22,44,98
22,46,7
22,47,26
22,52,40
22,54,46
22,58,35
22,60,79
22,62,34
22,64,11
22,69,35
22,72,50
22,73,58
22,75,47
22,76,78
22,79,54
22,80,100
22,81,57
22,83,52
22,85,68
22,86,45
22,88,62
22,90,87
22,93,65
22,98,48
22,99,93
22,102,88
22,105,50
22,107,27
22,110,76
22,116,35
22,119,94
22,130,47
22,135,13
22,137,50
22,138,83
22,141,20
22,143,52
22,144,43
22,145,84
22,153,95
22,156,54
22,158,2
22,160,48
22,161,35
22,166,45
22,167,79
22,170,40
22,175,89
22,176,41
22,177,58
22,179,57
22,182,43
22,184,79
22,187,39
22,188,66
22,194,71
23,25,40
23,29,47
23,32,76
23,37,69
23,39,81
23,41,65
23,42,54
23,43,26
23,44,88
23,48,70
23,49,76
23,51,25
23,52,49
23,53,49
23,54,48
23,56,37
23,61,20
23,63,16
23,70,69
23,74,46
23,79,50
23,81,41
23,82,61
23,83,42
23,86,35
23,87,30
23,89,16
23,95,65
23,96,61
23,97,80
23,99,77
23,101,71
23,102,80
23,105,51
23,106,41
23,109,38
23,112,37
23,114,21
23,115,38
23,120,22
23,121,22
23,122,58
23,123,49
23,124,12
23,125,35
23,128,34
23,130,40
23,132,36
23,135,7
23,136,51
23,137,51
23,139,76
23,144,32
23,148,45
23,154,59
23,155,72
23,156,52
23,157,38
23,159,34
23,162,47
23,168,60
23,169,14
23,174,70
23,177,42
23,181,66
23,190,50
23,192,8
23,193,42
24,25,46
24,27,41
24,32,29
24,35,92
24,36,104
24,37,68
24,38,96
24,40,7
24,43,103
24,44,72
24,47,70
24,48,70
24,49,17
24,51,105
24,57,91
24,58,68
24,62,117
24,64,86
24,65,97
24,66,84
24,67,72
24,69,96
24,73,100
24,75,121
24,76,61
24,77,39
24,83,65
24,85,77
24,87,58
24,91,112
24,92,86
24,94,30
24,95,74
24,96,21
24,97,0
24,99,10
24,101,31
24,103,96
24,108,79
24,109,83
24,111,3
24,112,47
24,115,77
24,116,61
24,117,94
24,121,68
24,124,67
24,125,45
24,126,83
24,128,80
24,129,75
24,130,75
24,131,66
24,132,44
24,136,39
24,140,52
24,141,90
24,143,49
24,147,33
24,149,103
24,150,103
24,153,81
24,160,60
24,161,116
24,163,34
24,164,70
24,168,26
24,169,91
24,172,92
24,173,66
24,174,50
24,175,79
24,180,40
24,187,61
24,188,69
24,189,43
25,27,15
25,29,67
25,30,66
25,31,29
25,33,74
25,39,44
25,41,72
25,42,15
25,43,66
25,52,87
25,56,24
25,57,56
25,59,28
25,65,53
25,68,34
25,70,61
25,71,50
25,76,66
25,80,49
25,82,63
25,84,64
25,88,7
25,89,48
25,92,71
25,95,73
25,97,46
25,100,10
25,102,87
25,104,58
25,105,79
25,107,49
25,108,67
25,109,62
25,111,43
25,113,47
25,116,27
25,117,48
25,120,28
25,121,22
25,122,83
25,127,39
25,128,57
25,129,36
25,134,28
25,136,11
25,137,79
25,140,6
25,141,45
25,145,55
25,147,53
25,148,25
25,150,83
25,151,16
25,154,55
25,157,74
25,161,84
25,166,70
25,171,37
25,173,21
25,175,86
25,177,27
25,179,18
25,180,51
25,182,27
25,185,24
25,187,36
25,189,62
25,191,29
25,195,37
25,197,7
26,28,12
26,30,79
26,31,39
26,32,71
26,33,77
26,34,76
26,35,83
26,37,84
26,42,27
26,43,63
26,46,45
26,48,86
26,50,42
26,52,87
26,56,8
26,59,44
26,61,33
26,63,54
26,64,48
26,65,46
26,66,85
26,69,73
26,71,65
26,74,20
26,75,94
26,79,78
26,81,29
26,85,83
26,86,14
26,87,45
26,90,46
26,91,80
26,93,71
26,95,84
26,96,39
26,97,60
26,100,14
26,101,68
26,105,84
26,107,37
26,109,68
26,112,15
26,116,33
26,121,15
26,122,90
26,124,31
26,125,35
26,127,50
26,129,34
26,130,66
26,134,39
26,136,21
26,137,84
26,138,83
26,139,92
26,141,36
26,144,53
26,147,69
26,148,40
26,155,45
26,157,75
26,158,48
26,162,62
26,163,26
26,165,37
26,166,76
26,167,92
26,168,54
26,171,40
26,174,76
26,177,41
26,178,47
26,179,32
26,180,65
26,181,39
26,182,12
26,183,49
26,186,66
26,189,77
26,190,79
26,192,38
26,193,14
26,195,24
26,196,17
26,197,10
26,198,51
26,199,83
27,29,54
27,30,51
27,31,17
27,32,43
27,33,64
27,35,63
27,36,63
27,39,42
27,41,57
27,44,71
27,47,28
27,48,59
27,49,40
27,55,10
27,58,31
27,60,27
27,61,19
27,64,45
27,67,58
27,74,16
27,78,25
27,82,48
27,101,39
27,102,72
27,103,56
27,107,55
27,110,39
27,111,39
27,113,59
27,118,31
27,121,29
27,122,71
27,125,8
27,126,64
27,127,25
27,128,46
27,131,58
27,132,6
27,140,19
27,146,54
27,148,11
27,149,62
27,150,72
27,151,28
27,152,43
27,154,40
27,155,36
27,156,64
27,160,30
27,163,15
27,165,17
27,166,59
27,167,66
27,169,50
27,173,28
27,174,47
27,175,71
27,176,29
27,178,52
27,179,3
27,180,36
27,181,29
27,183,28
27,184,26
27,185,12
27,186,47
27,187,24
27,188,50
27,190,59
27,191,32
27,192,33
27,193,43
27,196,32
27,199,54
28,30,70
28,31,33
28,32,59
28,33,77
28,34,69
28,36,68
28,39,44
28,42,15
28,46,52
28,48,78
28,49,52
28,50,30
28,51,67
28,52,90
28,58,45
28,62,86
28,63,59
28,65,54
28,71,54
28,72,62
28,73,87
28,77,44
28,79,74
28,80,51
28,87,40
28,88,5
28,89,51
28,90,34
28,91,83
28,92,75
28,93,64
28,98,88
28,101,56
28,105,83
28,107,48
28,108,72
28,111,45
28,116,31
28,117,48
28,128,61
28,129,38
28,130,62
28,134,32
28,135,43
28,136,10
28,137,83
28,140,6
28,141,45
28,142,19
28,150,87
28,152,35
28,154,59
28,160,48
28,161,87
28,163,13
28,165,32
28,166,74
28,168,42
28,169,56
28,170,27
28,174,66
28,176,18
28,180,55
28,184,37
28,185,28
28,190,76
28,191,30
28,193,27
28,194,44
28,197,8
28,199,74
29,30,36
29,34,18
29,35,9
29,37,30
29,40,87
29,41,22
29,42,75
29,43,47
29,44,49
29,50,64
29,54,22
29,57,37
29,58,27
29,60,79
29,69,23
29,70,42
29,73,18
29,76,33
29,77,42
29,78,65
29,79,3
29,80,85
29,81,56
29,89,31
29,92,4
29,94,66
29,95,22
29,97,82
29,99,74
29,104,61
29,107,75
29,109,10
29,115,83
29,118,80
29,120,40
29,122,17
29,126,19
29,129,47
29,131,34
29,132,58
29,133,7
29,134,40
29,136,76
29,138,38
29,139,34
29,141,67
29,142,57
29,143,65
29,146,19
29,147,54
29,151,72
29,154,33
29,168,56
29,169,44
29,171,37
29,176,69
29,177,45
29,181,81
29,182,77
29,188,18
29,189,51
29,190,5
29,193,85
29,194,48
29,196,64
30,37,10
30,41,17
30,43,79
30,44,20
30,45,82
30,49,42
30,51,84
30,52,79
30,55,41
30,56,86
30,57,67
30,62,83
30,63,75
30,72,32
30,75,81
30,76,3
30,79,38
30,81,52
30,84,41
30,89,56
30,90,67
30,101,27
30,103,68
30,104,29
30,110,13
30,112,64
30,114,60
30,115,93
30,119,17
30,120,49
30,122,48
30,124,59
30,129,66
30,131,8
30,133,43
30,135,76
30,140,70
30,141,88
30,142,65
30,145,21
30,149,86
30,150,55
30,153,25
30,154,11
30,155,71
30,156,45
30,159,81
30,165,45
30,166,48
30,167,23
30,168,35
30,171,55
30,179,48
30,185,46
30,186,40
30,187,42
30,188,17
30,189,17
30,190,39
30,192,60
30,193,93
30,196,76
31,34,37
31,35,46
31,36,50
31,39,58
31,42,38
31,45,63
31,46,43
31,48,48
31,49,48
31,51,51
31,57,37
31,60,44
31,62,62
31,67,46
31,68,13
31,69,43
31,71,34
31,72,28
31,75,68
31,76,42
31,77,23
31,78,30
31,80,58
31,81,20
31,82,37
31,83,23
31,86,47
31,89,25
31,91,58
31,93,32
31,100,40
31,105,51
31,111,53
31,114,17
31,117,49
31,118,43
31,120,6
31,121,31
31,123,34
31,129,25
31,131,49
31,132,20
31,134,6
31,137,51
31,143,28
31,148,18
31,149,51
31,151,37
31,153,65
31,159,55
31,164,29
31,165,2
31,171,17
31,173,32
31,174,42
31,175,60
31,176,35
31,178,42
31,179,17
31,180,34
31,181,46
31,183,11
31,185,5
31,186,29
31,190,42
31,192,21
31,196,33
31,199,45
32,35,70
32,37,41
32,38,94
32,40,36
32,41,47
32,42,49
32,43,94
32,44,42
32,45,103
32,46,90
32,48,42
32,55,34
32,57,82
32,58,56
32,60,44
32,65,95
32,67,46
32,68,34
32,75,105
32,78,68
32,80,31
32,83,46
32,85,52
32,87,47
32,88,57
32,89,70
32,90,42
32,92,64
32,95,48
32,96,37
32,97,30
32,98,90
32,99,19
32,100,61
32,104,3
32,105,80
32,113,102
32,115,87
32,117,95
32,120,53
32,121,72
32,123,54
32,128,63
32,130,57
32,142,63
32,144,51
32,146,74
32,149,97
32,150,82
32,153,52
32,155,46
32,157,89
32,158,90
32,159,99
32,160,44
32,161,102
32,163,46
32,165,49
32,169,84
32,170,52
32,171,64
32,172,93
32,173,72
32,174,22
32,176,73
32,177,33
32,179,39
32,185,46
32,186,61
32,190,66
32,192,68
32,193,85
32,194,19
32,198,24
33,34,42
33,35,19
33,39,104
33,40,104
33,41,46
33,44,73
33,47,48
33,48,54
33,50,79
33,51,36
33,53,12
33,54,6
33,57,24
33,58,33
33,59,77
33,62,23
33,66,33
33,68,53
33,71,67
33,76,57
33,78,66
33,79,22
33,80,103
33,83,36
33,84,18
33,85,40
33,86,77
33,87,41
33,88,81
33,94,78
33,95,46
33,96,86
33,98,11
33,105,11
33,108,29
33,113,87
33,117,59
33,118,83
33,119,68
33,122,21
33,124,46
33,125,56
33,126,41
33,127,44
33,128,19
33,130,25
33,133,17
33,135,47
33,137,11
33,146,9
33,147,76
33,149,40
33,152,65
33,153,66
33,154,56
33,155,100
33,157,9
33,158,41
33,159,26
33,160,39
33,163,79
33,176,69
33,177,60
33,178,42
33,182,75
33,183,36
33,190,21
33,191,55
33,193,83
33,198,63
34,37,12
34,38,74
34,39,77
34,44,32
34,49,55
34,54,40
34,55,42
34,56,82
34,59,52
34,60,71
34,62,66
34,65,75
34,66,15
34,67,9
34,72,16
34,77,31
34,79,20
34,80,72
34,81,52
34,82,8
34,85,7
34,86,84
34,90,74
34,103,53
34,107,85
34,113,100
34,114,54
34,115,87
34,116,45
34,118,80
34,122,31
34,123,11
34,124,51
34,127,26
34,128,28
34,132,56
34,133,25
34,135,65
34,136,72
34,142,60
34,146,36
34,148,43
34,153,29
34,154,17
34,156,27
34,157,50
34,160,22
34,161,63
34,164,11
34,166,30
34,167,16
34,169,58
34,173,69
34,174,25
34,179,48
34,184,54
34,186,24
34,187,34
34,188,0
34,191,65
34,195,83
34,196,69
34,199,13
35,39,98
35,41,28
35,43,47
35,44,54
35,45,41
35,52,37
35,55,58
35,60,89
35,61,49
35,62,43
35,65,65
35,70,50
35,71,55
35,73,8
35,76,40
35,78,72
35,82,35
35,83,27
35,88,83
35,91,38
35,92,6
35,95,28
35,100,86
35,103,37
35,105,10
35,106,91
35,107,79
35,119,49
35,120,48
35,122,7
35,124,52
35,126,22
35,132,67
35,133,6
35,134,49
35,138,45
35,139,39
35,141,72
35,142,64
35,143,74
35,145,61
35,148,60
35,152,76
35,153,47
35,154,43
35,164,21
35,170,53
35,171,43
35,177,55
35,180,54
35,181,91
35,182,84
35,184,75
35,185,52
35,186,17
35,188,26
35,189,60
35,190,4
35,192,47
35,193,92
35,195,81
35,197,74
35,199,38
36,38,20
36,42,81
36,44,99
36,45,26
36,46,19
36,51,3
36,52,29
36,53,44
36,55,66
36,57,15
36,59,81
36,60,89
36,61,44
36,62,22
36,64,18
36,65,21
36,67,75
36,68,62
36,69,30
36,70,85
36,71,82
36,75,36
36,78,52
36,82,73
36,84,44
36,85,68
36,86,57
36,88,73
36,91,22
36,98,40
36,102,87
36,106,62
36,108,56
36,110,80
36,114,47
36,115,59
36,118,69
36,119,95
36,125,59
36,128,39
36,132,62
36,135,25
36,139,85
36,143,63
36,145,90
36,147,90
36,148,69
36,150,48
36,152,42
36,154,75
36,155,99
36,157,24
36,167,78
36,168,83
36,170,49
36,171,33
36,173,50
36,174,86
36,178,16
36,179,66
36,184,88
36,185,53
36,188,67
36,190,51
36,192,30
36,194,78
36,197,60
36,198,73
36,199,80
37,38,86
37,39,77
37,40,75
37,41,8
37,43,76
37,44,19
37,48,1
37,49,52
37,53,43
37,55,47
37,56,91
37,59,54
37,66,23
37,68,37
37,69,53
37,70,18
37,72,28
37,74,73
37,78,77
37,81,58
37,82,8
37,83,26
37,85,14
37,87,41
37,88,77
37,89,55
37,93,14
37,102,16
37,104,39
37,108,24
37,109,39
37,110,22
37,112,70
37,116,55
37,118,88
37,122,40
37,124,61
37,125,49
37,126,17
37,127,35
37,128,40
37,130,32
37,131,4
37,132,62
37,133,37
37,137,47
37,139,7
37,140,76
37,142,69
37,144,36
37,145,32
37,146,48
37,149,84
37,151,83
37,152,88
37,153,19
37,154,18
37,156,37
37,158,80
37,164,23
37,165,49
37,167,13
37,171,56
37,177,44
37,180,27
37,181,75
37,184,54
37,188,12
37,189,27
37,190,33
37,194,37
37,196,79
37,198,37
38,40,98
38,42,68
38,46,4
38,49,94
38,50,75
38,52,50
38,54,56
38,55,61
38,56,42
38,59,74
38,60,78
38,61,39
38,63,16
38,67,83
38,68,61
38,69,46
38,73,68
38,76,85
38,79,64
38,80,100
38,83,60
38,86,37
38,87,49
38,88,59
38,98,59
38,101,90
38,103,29
38,108,67
38,111,94
38,113,40
38,118,52
38,119,102
38,120,41
38,121,31
38,123,65
38,125,54
38,126,82
38,127,56
38,128,48
38,130,55
38,132,52
38,134,53
38,139,93
38,145,89
38,147,89
38,152,23
38,154,77
38,158,8
38,163,64
38,164,63
38,166,55
38,170,42
38,171,31
38,172,9
38,175,98
38,176,37
38,179,58
38,183,47
38,185,48
38,199,86
39,41,82
39,42,29
39,44,81
39,46,93
39,55,42
39,56,65
39,57,94
39,58,72
39,60,19
39,61,62
39,66,92
39,67,81
39,69,101
39,70,59
39,71,48
39,72,79
39,73,107
39,75,126
39,76,69
39,79,92
39,80,10
39,82,70
39,83,71
39,85,84
39,87,62
39,91,116
39,95,82
39,96,19
39,97,9
39,99,20
39,103,99
39,105,105
39,106,71
39,107,93
39,110,54
39,112,46
39,113,88
39,116,63
39,119,81
39,121,66
39,122,105
39,123,82
39,125,48
39,129,76
39,130,81
39,132,44
39,137,106
39,138,69
39,139,82
39,140,50
39,141,89
39,142,60
39,143,47
39,146,94
39,148,40
39,149,104
39,150,109
39,152,80
39,154,59
39,157,107
39,158,96
39,159,112
39,162,65
39,163,32
39,177,44
39,178,94
39,179,40
39,180,49
39,181,17
39,184,23
39,187,65
39,189,52
39,195,80
39,196,69
39,199,73
40,41,80
40,43,106
40,44,79
40,45,122
40,46,95
40,48,76
40,50,24
40,53,101
40,55,42
40,58,72
40,62,120
40,63,97
40,65,98
40,66,90
40,67,79
40,68,50
40,71,46
40,72,79
40,73,106
40,79,91
40,80,7
40,88,42
40,89,83
40,92,91
40,94,30
40,95,80
40,96,21
40,98,113
40,99,17
40,100,45
40,103,99
40,105,105
40,107,95
40,108,85
40,109,88
40,115,75
40,119,78
40,121,68
40,123,81
40,125,48
40,128,84
40,134,52
40,144,70
40,145,44
40,146,94
40,148,39
40,149,105
40,150,108
40,153,88
40,158,97
40,160,65
40,162,64
40,164,76
40,165,59
40,167,88
40,168,31
40,173,66
40,177,44
40,179,41
40,181,19
40,182,71
40,186,84
40,187,65
40,188,76
40,191,73
40,194,39
40,195,82
40,196,71
40,199,71
41,42,76
41,45,69
41,47,64
41,49,58
41,52,65
41,53,35
41,54,43
41,58,41
41,60,77
41,61,52
41,65,82
41,69,46
41,73,35
41,77,36
41,78,76
41,82,11
41,84,29
41,88,78
41,89,50
41,90,80
41,94,67
41,95,0
41,96,70
41,98,49
41,99,64
41,104,46
41,106,96
41,107,93
41,110,28
41,113,108
41,114,62
41,119,22
41,121,76
41,124,58
41,125,49
41,130,26
41,136,79
41,137,39
41,139,11
41,141,85
41,142,68
41,143,72
41,144,33
41,149,78
41,155,84
41,159,71
41,163,71
41,164,18
41,168,49
41,169,64
41,174,26
41,175,16
41,178,75
41,180,33
41,181,79
41,182,89
41,184,59
41,186,30
41,187,42
41,188,7
41,189,35
41,190,25
41,192,57
41,193,96
41,198,40
42,43,80
42,44,86
42,45,99
42,46,66
42,48,76
42,50,19
42,51,80
42,55,27
42,56,35
42,57,70
42,61,39
42,62,98
42,64,64
42,65,69
42,67,76
42,68,39
42,69,81
42,73,93
42,74,8
42,75,106
42,78,31
42,79,79
42,80,36
42,81,18
42,84,74
42,86,42
42,91,94
42,93,63
42,94,9
42,99,37
42,100,14
42,102,90
42,103,75
42,104,52
42,105,90
42,107,63
42,108,75
42,109,72
42,110,54
42,111,30
42,116,40
42,118,24
42,119,84
42,121,37
42,131,75
42,132,19
42,134,35
42,136,6
42,138,70
42,140,21
42,141,60
42,146,76
42,149,77
42,152,50
42,153,92
42,157,87
42,163,5
42,167,85
42,172,62
42,173,35
42,174,61
42,175,88
42,178,67
42,180,49
42,181,12
42,184,26
42,186,68
42,189,59
42,193,40
42,195,51
42,196,40
43,47,36
43,52,26
43,54,35
43,60,89
43,61,43
43,65,24
43,67,72
43,73,48
43,75,33
43,76,76
43,77,70
43,82,70
43,83,51
43,85,64
43,87,47
43,89,24
43,95,69
43,96,86
43,97,103
43,100,74
43,107,41
43,111,102
43,112,63
43,115,61
43,118,70
43,124,37
43,126,67
43,127,53
43,129,30
43,131,80
43,137,40
43,141,34
43,145,87
43,147,88
43,149,12
43,151,60
43,152,44
43,157,20
43,161,21
43,163,75
43,166,37
43,174,83
43,176,54
43,187,43
43,192,29
44,45,95
44,46,101
44,47,85
44,48,18
44,49,55
44,50,67
44,54,69
44,55,61
44,56,107
44,58,64
44,59,64
44,60,84
44,63,93
44,65,106
44,70,25
44,73,59
44,74,86
44,83,46
44,84,55
44,88,90
44,90,83
44,93,33
44,96,76
44,97,73
44,99,62
44,101,41
44,103,85
44,106,114
44,107,115
44,108,43
44,110,32
44,112,85
44,114,81
44,115,114
44,116,73
44,119,4
44,123,43
44,127,52
44,130,51
44,132,77
44,133,55
44,136,90
44,138,16
44,139,15
44,143,87
44,145,36
44,146,68
44,147,39
44,149,104
44,152,107
44,161,94
44,162,41
44,163,82
44,166,61
44,172,108
44,173,96
44,175,14
44,178,99
44,179,68
44,181,84
44,186,56
44,191,93
44,192,80
44,193,114
44,196,97
44,197,89
45,48,77
45,53,33
45,54,26
45,56,85
45,61,60
45,63,32
45,64,37
45,71,88
45,73,38
45,74,92
45,79,45
45,80,122
45,81,83
45,83,57
45,84,40
45,86,82
45,88,93
45,89,38
45,94,94
45,97,118
45,104,104
45,105,31
45,107,64
45,108,52
45,109,38
45,110,85
45,112,83
45,113,87
45,123,53
45,130,47
45,132,80
45,135,49
45,138,84
45,141,58
45,142,69
45,146,29
45,149,34
45,150,32
45,151,82
45,152,67
45,154,78
45,159,15
45,162,65
45,164,55
45,165,63
45,168,93
45,172,56
45,175,82
45,176,77
45,180,87
45,183,54
45,184,100
45,188,65
45,189,96
45,192,48
45,195,72
46,48,83
46,49,90
46,50,71
46,51,16
46,53,55
46,54,52
46,55,57
46,60,75
46,63,13
46,64,15
46,66,69
46,67,78
46,69,41
46,70,83
46,75,54
46,76,80
46,78,35
46,79,59
46,80,97
46,82,74
46,84,51
46,85,72
46,88,57
46,91,40
46,96,74
46,99,91
46,101,85
46,103,25
46,105,56
46,109,47
46,110,77
46,111,91
46,113,43
46,114,33
46,115,40
46,117,13
46,118,51
46,123,60
46,126,77
46,127,51
46,131,85
46,134,49
46,135,8
46,139,88
46,142,33
46,145,85
46,147,85
46,148,59
46,149,12
46,150,60
46,153,99
46,154,73
46,156,60
46,161,42
46,163,62
46,164,58
46,165,41
46,167,83
46,173,32
46,174,84
46,178,2
46,180,77
46,181,78
46,182,37
46,184,77
46,192,22
46,193,44
46,194,71
46,195,28
46,196,27
46,197,44
46,199,81
47,48,68
47,49,67
47,54,54
47,55,34
47,59,47
47,61,13
47,64,20
47,65,27
47,69,44
47,72,43
47,73,62
47,79,53
47,83,41
47,89,22
47,94,41
47,96,50
47,97,70
47,98,59
47,99,68
47,105,57
47,106,35
47,108,53
47,109,42
47,112,26
47,118,34
47,119,81
47,120,16
47,122,63
47,124,5
47,130,41
47,132,26
47,133,50
47,140,26
47,147,63
47,151,25
47,153,86
47,156,56
47,158,25
47,159,44
47,164,46
47,169,24
47,174,65
47,175,80
47,176,20
47,177,34
47,181,55
47,190,53
47,192,10
47,195,26
47,197,23
47,198,44
47,199,66
48,52,73
48,53,43
48,54,51
48,57,66
48,59,56
48,61,56
48,62,78
48,69,54
48,71,30
48,72,29
48,73,43
48,74,74
48,79,31
48,80,72
48,83,28
48,85,14
48,88,79
48,90,78
48,91,73
48,94,66
48,95,8
48,100,83
48,101,38
48,102,14
48,105,47
48,108,25
48,112,72
48,113,112
48,115,99
48,118,89
48,120,53
48,122,40
48,123,24
48,126,16
48,127,36
48,128,41
48,132,64
48,133,37
48,136,80
48,137,47
48,138,10
48,139,5
48,140,78
48,144,38
48,149,85
48,150,47
48,151,85
48,152,90
48,154,20
48,155,82
48,157,63
48,159,78
48,160,34
48,163,71
48,177,46
48,178,81
48,180,29
48,184,56
48,185,52
48,187,46
48,191,77
48,193,99
48,196,81
48,197,76
49,51,100
49,53,84
49,56,73
49,60,34
49,61,55
49,64,81
49,67,57
49,69,86
49,72,61
49,73,87
49,75,111
49,84,72
49,88,49
49,89,73
49,97,17
49,98,97
49,101,15
49,103,88
49,110,30
49,116,57
49,118,64
49,119,54
49,121,69
49,124,63
49,125,40
49,127,45
49,130,64
49,136,47
49,137,88
49,138,44
49,141,90
49,145,20
49,146,80
49,150,90
49,152,83
49,157,94
49,158,91
49,159,102
49,160,50
49,161,107
49,162,46
49,167,65
49,168,15
49,169,86
49,171,66
49,174,33
49,176,68
49,177,33
49,182,76
49,184,15
49,188,55
49,189,26
49,191,72
49,192,69
49,193,80
49,196,72
49,197,56
49,199,49
50,52,96
50,61,38
50,62,95
50,66,69
50,67,60
50,70,42
50,71,30
50,73,83
50,78,42
50,79,68
50,81,17
50,84,64
50,86,56
50,89,58
50,99,20
50,100,32
50,101,28
50,104,33
50,105,81
50,106,58
50,110,35
50,113,75
50,114,37
50,119,65
50,120,36
50,121,47
50,123,59
50,125,23
50,126,69
50,127,35
50,128,60
50,130,56
50,133,70
50,134,27
50,135,62
50,138,52
50,139,64
50,140,34
50,141,69
50,142,39
50,143,29
50,144,45
50,146,69
50,147,29
50,150,84
50,153,74
50,159,88
50,161,95
50,162,42
50,164,53
50,166,72
50,168,14
50,169,69
50,170,33
50,176,46
50,178,72
50,180,31
50,182,54
50,184,7
50,185,29
50,187,40
50,188,55
50,193,57
50,194,20
50,197,34
50,198,20
51,64,18
51,67,78
51,69,33
51,70,86
51,72,53
51,78,51
51,79,54
51,81,66
51,84,47
51,85,70
51,92,54
51,93,69
51,94,77
51,100,72
51,101,92
51,102,89
51,103,17
51,105,48
51,108,59
51,115,57
51,116,43
51,120,46
51,122,57
51,124,38
51,126,73
51,136,77
51,137,47
51,140,61
51,145,91
51,146,35
51,147,91
51,152,40
51,153,97
51,156,53
51,158,12
51,166,44
51,167,80
51,169,13
51,172,27
51,178,14
51,184,88
51,185,54
51,186,45
51,189,94
51,191,37
51,193,61
51,198,74
51,199,82
52,53,29
52,54,21
52,64,38
52,65,50
52,66,51
52,68,71
52,69,21
52,70,84
52,73,33
52,74,92
52,75,7
52,79,41
52,81,83
52,82,69
52,84,37
52,85,58
52,86,84
52,92,41
52,98,17
52,101,96
52,104,102
52,106,90
52,107,67
52,108,48
52,110,82
52,112,83
52,114,67
52,115,87
52,116,60
52,119,87
52,121,72
52,122,36
52,123,50
52,129,52
52,134,68
52,136,98
52,137,26
52,139,76
52,145,93
52,148,81
52,149,38
52,151,84
52,152,70
52,153,83
52,156,36
52,158,43
52,164,52
52,166,30
52,167,66
52,168,92
52,169,36
52,170,65
52,172,59
52,175,78
52,179,81
52,180,85
52,181,109
52,182,83
52,183,53
52,184,99
52,185,67
52,189,93
52,192,49
52,194,85
52,195,75
52,197,82
53,55,60
53,57,34
53,68,50
53,70,57
53,71,60
53,84,12
53,85,29
53,94,78
53,95,35
53,97,96
53,98,14
53,100,86
53,101,71
53,102,45
53,103,31
53,105,4
53,107,75
53,112,73
53,114,58
53,115,87
53,116,49
53,118,87
53,123,22
53,126,29
53,130,20
53,132,67
53,140,76
53,143,74
53,144,31
53,145,67
53,147,69
53,148,62
53,149,52
53,151,79
53,154,48
53,156,6
53,157,21
53,159,39
53,163,80
53,164,26
53,169,41
53,173,71
53,174,57
53,176,74
53,177,58
53,182,81
53,183,35
53,185,52
53,186,17
53,187,40
53,188,33
53,189,66
53,190,10
53,192,44
53,193,90
53,198,58
54,56,84
54,57,31
54,62,28
54,63,39
54,64,38
54,67,46
54,68,55
54,74,83
54,80,105
54,84,18
54,87,44
54,89,32
54,90,101
54,92,19
54,94,82
54,96,89
54,100,88
54,101,77
54,102,53
54,103,27
54,104,83
54,105,5
54,106,89
54,109,18
54,112,75
54,115,86
54,117,66
54,118,88
54,127,46
54,128,21
54,129,49
54,131,56
54,132,70
54,134,55
54,139,54
54,140,78
54,141,65
54,144,36
54,153,62
54,154,55
54,155,103
54,157,15
54,160,41
54,166,10
54,167,44
54,169,38
54,170,55
54,171,42
54,175,56
54,176,75
54,177,62
54,178,49
54,180,66
54,181,97
54,183,39
54,188,40
54,189,73
54,191,61
54,195,77
54,198,64
55,56,46
55,57,53
55,60,30
55,63,57
55,69,58
55,70,36
55,73,67
55,82,39
55,84,48
55,85,50
55,87,20
55,91,74
55,94,18
55,95,49
55,97,38
55,101,30
55,103,57
55,105,64
55,107,63
55,110,29
55,114,25
55,116,23
55,117,60
55,124,30
55,128,43
55,132,16
55,133,53
55,136,30
55,140,29
55,142,29
55,143,25
55,144,29
55,145,32
55,146,52
55,147,30
55,148,2
55,154,30
55,156,59
55,158,58
55,159,71
55,160,25
55,163,22
55,166,55
55,167,58
55,168,17
55,169,53
55,179,6
55,183,25
55,188,42
55,189,38
55,190,54
55,191,39
55,196,40
56,58,51
56,62,82
56,67,90
56,69,74
56,73,92
56,75,94
56,77,62
56,78,13
56,81,37
56,85,88
56,87,50
56,90,54
56,95,90
56,96,48
56,97,68
56,99,71
56,101,76
56,102,105
56,104,82
56,106,7
56,110,76
56,114,28
56,115,8
56,116,37
56,117,33
56,119,104
56,120,39
56,122,93
56,123,78
56,124,34
56,125,42
56,126,94
56,128,67
56,130,70
56,132,30
56,134,46
56,135,35
56,137,87
56,138,90
56,139,98
56,143,22
56,144,58
56,147,76
56,150,91
56,151,7
56,155,52
56,158,46
56,162,67
56,168,62
56,169,51
56,170,36
56,171,43
56,172,33
56,176,9
56,182,5
56,185,40
56,195,17
56,198,59
57,58,25
57,60,78
57,61,32
57,63,9
57,64,8
57,66,50
57,68,48
57,70,70
57,71,67
57,72,36
57,74,62
57,75,37
57,76,65
57,78,45
57,81,54
57,82,58
57,85,54
57,87,34
57,90,86
57,92,39
57,93,52
57,95,59
57,97,92
57,99,87
57,102,73
57,105,35
57,106,59
57,107,41
57,108,43
57,110,65
57,112,53
57,114,36
57,115,57
57,118,62
57,119,80
57,124,27
57,126,57
57,127,40
57,133,34
57,134,43
57,136,68
57,140,54
57,142,39
57,147,75
57,154,59
57,155,87
57,158,17
57,159,18
57,161,27
57,166,30
57,168,69
57,169,6
57,170,36
57,171,20
57,172,32
57,173,43
57,174,71
57,175,75
57,176,47
57,177,52
57,178,18
57,179,53
57,180,67
57,181,81
57,183,30
57,184,74
57,185,40
57,187,31
57,190,38
57,191,33
57,194,63
57,195,46
57,199,65
58,59,45
58,62,49
58,67,43
58,69,29
58,71,42
58,72,20
58,73,42
58,75,54
58,77,33
58,79,30
58,81,34
58,84,23
58,90,64
58,91,44
58,95,41
58,103,28
58,110,41
58,111,67
58,113,67
58,118,52
58,123,27
58,127,15
58,132,33
58,134,19
58,135,31
58,138,49
58,139,52
58,140,41
58,141,44
58,142,29
58,145,50
58,150,42
58,154,36
58,159,42
58,169,27
58,173,38
58,175,58
58,176,41
58,177,28
58,182,49
58,185,19
58,188,34
58,190,31
58,191,31
58,193,57
59,61,37
59,67,57
59,68,24
59,70,39
59,73,80
59,74,24
59,79,65
59,83,45
59,84,62
59,87,36
59,88,29
59,91,89
59,92,66
59,93,46
59,97,23
59,98,87
59,99,20
59,107,74
59,110,32
59,112,29
59,113,76
59,114,37
59,117,72
59,120,35
59,121,48
59,127,33
59,129,53
59,134,25
59,135,62
59,136,27
59,137,79
59,138,49
59,141,69
59,142,39
59,143,30
59,144,43
59,149,80
59,154,36
59,156,72
59,158,72
59,159,86
59,160,38
59,162,39
59,164,51
59,165,32
59,167,66
59,172,71
59,174,39
59,175,68
59,176,47
59,177,17
59,179,16
59,180,28
59,184,6
59,185,28
59,189,36
59,192,51
59,193,58
59,194,17
59,196,51
59,197,35
59,198,17
59,199,51
60,61,46
60,63,80
60,65,78
60,69,87
60,70,59
60,72,70
60,73,97
60,74,18
60,75,112
60,86,52
60,89,68
60,91,101
60,92,83
60,93,65
60,98,101
60,100,23
60,103,83
60,105,94
60,107,73
60,109,77
60,110,52
60,113,69
60,114,42
60,115,53
60,116,47
60,119,82
60,121,47
60,125,34
60,126,85
60,128,73
60,130,71
60,134,39
60,135,66
60,138,69
60,139,81
60,140,31
60,141,70
60,143,27
60,150,98
60,151,39
60,152,60
60,154,56
60,155,9
60,156,89
60,160,55
60,162,57
60,164,68
60,167,86
60,175,87
60,176,43
60,177,33
60,180,47
60,184,21
60,185,39
60,186,73
60,187,51
60,189,55
60,190,84
60,192,59
60,193,50
60,196,50
60,197,32
60,199,71
61,63,35
61,65,39
61,71,43
61,73,56
61,75,66
61,76,51
61,80,64
61,81,22
61,86,39
61,87,13
61,89,21
61,90,54
61,96,42
61,97,60
61,98,57
61,99,56
61,100,37
61,102,68
61,103,36
61,106,44
61,110,44
61,111,58
61,113,55
61,115,43
61,118,38
61,120,2
61,121,24
61,126,56
61,136,38
61,138,55
61,142,15
61,146,37
61,152,34
61,156,50
61,159,50
61,160,22
61,162,31
61,165,6
61,167,60
61,173,25
61,176,28
61,179,21
61,185,9
61,186,32
61,188,44
61,189,55
61,192,14
61,196,25
62,64,34
62,65,43
62,66,57
62,69,24
62,72,51
62,73,40
62,76,80
62,78,72
62,79,46
62,80,121
62,83,57
62,84,41
62,86,79
62,87,58
62,97,117
62,98,25
62,99,112
62,102,81
62,103,22
62,104,104
62,105,33
62,109,39
62,111,116
62,112,81
62,115,81
62,119,92
62,120,59
62,122,43
62,123,54
62,125,72
62,131,82
62,137,33
62,140,81
62,141,54
62,142,67
62,143,81
62,145,96
62,147,97
62,150,35
62,155,114
62,160,59
62,162,65
62,165,61
62,166,35
62,168,93
62,169,31
62,170,63
62,172,52
62,173,70
62,178,38
62,180,87
62,181,108
62,182,77
62,183,54
62,184,99
62,185,66
62,186,43
62,188,66
62,189,97
62,195,69
62,197,78
63,65,17
63,66,59
63,67,70
63,70,77
63,71,74
63,73,51
63,74,63
63,77,64
63,78,43
63,82,67
63,83,48
63,87,40
63,88,63
63,89,18
63,91,27
63,93,60
63,96,77
63,99,91
63,103,12
63,106,55
63,107,33
63,112,53
63,114,37
63,115,52
63,121,38
63,124,28
63,127,47
63,128,34
63,129,20
63,130,42
63,133,43
63,135,17
63,136,68
63,137,44
63,139,79
63,141,26
63,145,81
63,147,82
63,151,50
63,152,35
63,155,89
63,156,48
63,159,17
63,161,30
63,164,50
63,166,39
63,167,73
63,170,39
63,173,41
63,174,78
63,177,56
63,178,10
63,180,73
63,182,48
63,184,78
63,186,38
63,187,36
63,193,56
63,194,69
63,195,40
63,196,36
64,72,38
64,74,56
64,79,44
64,81,49
64,82,59
64,84,35
64,85,57
64,87,32
64,88,56
64,89,11
64,90,80
64,92,44
64,94,59
64,97,87
64,101,74
64,102,76
64,103,13
64,109,32
64,114,30
64,119,82
64,122,50
64,123,45
64,125,41
64,126,61
64,127,38
64,130,35
64,132,45
64,134,39
64,141,26
64,143,46
64,150,46
64,152,33
64,153,84
64,154,59
64,155,81
64,157,27
64,162,46
64,163,58
64,164,43
64,167,67
64,168,65
64,169,4
64,174,70
64,182,44
64,183,29
64,184,70
64,186,32
64,188,55
64,192,12
64,193,52
64,197,44
64,199,67
65,72,59
65,73,68
65,74,60
65,75,57
65,76,85
65,85,77
65,86,37
65,90,87
65,93,73
65,94,67
65,95,82
65,96,77
65,100,59
65,104,97
65,105,61
65,106,43
65,107,16
65,111,95
65,114,37
65,115,39
65,117,10
65,120,41
65,121,31
65,123,65
65,131,90
65,132,52
65,133,60
65,137,61
65,139,93
65,142,36
65,147,89
65,155,87
65,156,65
65,162,65
65,166,55
65,175,98
65,177,61
65,178,7
65,179,58
65,182,37
65,184,81
65,185,48
65,186,53
65,187,45
65,188,75
65,190,64
65,193,44
65,196,29
65,198,70
66,67,17
66,68,43
66,69,33
66,71,45
66,73,20
66,74,78
66,78,75
66,79,11
66,80,88
66,82,23
66,83,23
66,87,39
66,90,88
66,93,21
66,94,73
66,95,14
66,96,78
66,98,35
66,102,24
66,109,22
66,110,40
66,111,85
66,112,73
66,113,105
66,114,61
66,116,52
66,117,81
66,118,89
66,124,56
66,129,59
66,130,19
66,138,32
66,140,77
66,143,74
66,145,51
66,146,30
66,149,69
66,152,82
66,153,33
66,157,42
66,163,76
66,165,48
66,166,22
66,171,48
66,175,27
66,176,80
66,178,67
66,179,60
66,181,86
66,184,68
66,186,22
66,190,11
66,191,70
66,193,96
66,197,75
66,198,48
66,199,25
67,68,38
67,70,23
67,72,25
67,74,74
67,75,68
67,79,26
67,80,75
67,83,24
67,86,93
67,88,78
67,90,79
67,96,70
67,101,41
67,102,14
67,103,61
67,105,41
67,108,19
67,109,34
67,110,26
67,112,71
67,113,109
67,120,51
67,121,77
67,122,34
67,125,49
67,127,34
67,128,36
67,133,32
67,134,45
67,136,79
67,137,41
67,139,9
67,145,36
67,147,39
67,148,49
67,149,80
67,150,42
67,151,83
67,155,83
67,156,32
67,158,76
67,162,22
67,164,20
67,165,48
67,169,66
67,171,54
67,173,78
67,174,24
67,175,14
67,176,81
67,181,78
67,184,58
67,186,32
67,187,43
67,188,9
67,189,33
67,193,97
67,194,40
67,196,78
68,69,50
68,70,29
68,71,21
68,72,28
68,73,56
68,74,36
68,75,75
68,76,32
68,79,41
68,83,20
68,84,38
68,86,57
68,88,40
68,90,46
68,96,35
68,101,29
68,104,36
68,110,22
68,112,32
68,118,50
68,121,43
68,122,55
68,125,11
68,126,45
68,128,34
68,129,38
68,130,30
68,131,38
68,136,41
68,138,36
68,140,38
68,142,34
68,143,34
68,149,63
68,150,57
68,154,21
68,156,48
68,157,57
68,158,56
68,159,65
68,160,14
68,162,16
68,164,27
68,167,47
68,170,20
68,174,30
68,175,51
68,176,45
68,182,54
68,183,18
68,184,28
68,185,14
68,186,33
68,188,31
68,189,33
68,190,43
68,193,61
68,195,59
68,198,10
69,72,26
69,75,25
69,77,58
69,79,23
69,80,100
69,82,49
69,83,33
69,87,38
69,89,22
69,94,74
69,95,46
69,98,15
69,99,90
69,100,79
69,103,17
69,110,61
69,111,95
69,113,83
69,119,68
69,121,58
69,123,30
69,125,53
69,126,42
69,127,41
69,130,23
69,133,17
69,138,61
69,139,57
69,141,54
69,142,55
69,144,30
69,149,37
69,150,18
69,151,70
69,152,61
69,155,96
69,156,20
69,158,38
69,160,36
69,161,22
69,162,41
69,163,75
69,164,32
69,165,43
69,167,49
69,169,27
69,175,61
69,176,65
69,177,56
69,179,61
69,181,90
69,182,71
69,183,33
69,188,41
69,191,51
69,192,34
69,193,79
69,195,66
69,198,60
69,199,55
70,71,12
70,74,61
70,75,87
70,77,21
70,78,70
70,79,44
70,84,46
70,85,30
70,86,87
70,87,38
70,89,58
70,91,82
70,93,20
70,94,51
70,97,50
70,105,60
70,108,37
70,113,104
70,116,52
70,117,90
70,118,78
70,123,34
70,128,48
70,129,66
70,131,16
70,133,49
70,139,23
70,144,38
70,149,88
70,151,75
70,155,63
70,158,82
70,161,86
70,162,23
70,166,54
70,168,28
70,169,73
70,171,56
70,172,88
70,173,73
70,174,1
70,175,29
70,179,43
70,185,44
70,188,24
70,189,9
70,196,74
70,197,65
71,73,63
71,75,89
71,79,48
71,81,36
71,82,22
71,84,48
71,86,77
71,88,54
71,90,47
71,99,30
71,106,80
71,107,87
71,108,41
71,110,6
71,112,49
71,113,95
71,114,49
71,115,80
71,117,83
71,118,66
71,122,61
71,126,43
71,129,59
71,131,27
71,132,42
71,134,29
71,136,53
71,139,34
71,140,56
71,141,80
71,143,51
71,145,7
71,152,76
71,153,44
71,155,52
71,157,73
71,158,77
71,160,29
71,161,86
71,167,41
71,168,16
71,171,50
71,175,41
71,178,76
71,181,48
71,182,74
71,184,26
71,186,45
71,188,30
71,189,12
71,192,55
71,193,79
71,194,10
71,195,80
71,196,65
71,197,54
72,76,29
72,81,47
72,82,23
72,83,8
72,85,18
72,86,72
72,87,21
72,88,65
72,89,27
72,90,75
72,92,13
72,93,17
72,98,35
72,102,38
72,104,54
72,106,77
72,111,73
72,113,87
72,116,34
72,118,71
72,125,36
72,136,67
72,137,26
72,138,35
72,144,13
72,146,21
72,148,41
72,150,29
72,151,65
72,153,45
72,155,78
72,156,19
72,158,51
72,159,49
72,160,14
72,161,49
72,169,41
72,170,36
72,173,58
72,175,39
72,177,36
72,179,44
72,185,34
72,187,23
72,189,45
72,190,14
72,191,52
72,195,70
72,196,57
72,198,36
73,74,87
73,77,61
73,78,79
73,79,15
73,82,42
73,89,41
73,90,102
73,94,84
73,97,101
73,98,16
73,99,92
73,100,94
73,103,39
73,104,78
73,105,7
73,107,84
73,115,96
73,119,55
73,121,77
73,123,25
73,125,63
73,127,47
73,128,26
73,131,47
73,134,57
73,136,93
73,138,52
73,140,84
73,144,38
73,146,23
73,150,5
73,151,87
73,153,51
73,154,51
73,157,28
73,161,37
73,163,87
73,164,30
73,170,60
73,173,79
73,175,45
73,179,71
73,181,99
73,182,90
73,186,24
73,187,47
73,191,70
73,193,98
74,75,98
74,79,74
74,80,43
74,81,14
74,84,68
74,88,4
74,90,27
74,91,86
74,96,19
74,98,89
74,108,70
74,110,54
74,111,37
74,112,9
74,115,37
74,118,19
74,121,29
74,128,62
74,130,61
74,131,73
74,133,74
74,136,6
74,142,24
74,143,9
74,147,51
74,149,69
74,150,88
74,152,42
74,153,91
74,154,55
74,155,26
74,158,60
74,160,47
74,167,83
74,168,35
74,172,54
74,175,87
74,178,59
74,180,50
74,183,44
74,184,30
74,187,40
74,194,38
74,195,43
74,196,32
75,83,58
75,87,63
75,92,42
75,95,66
75,96,108
75,98,16
75,106,97
75,109,39
75,110,85
75,111,121
75,118,100
75,119,87
75,124,64
75,127,66
75,131,78
75,132,86
75,133,37
75,134,73
75,136,104
75,138,83
75,140,91
75,141,68
75,142,77
75,148,86
75,150,27
75,151,91
75,153,83
75,157,19
75,170,71
75,172,66
75,174,88
75,176,85
75,178,51
75,182,89
75,184,104
75,188,63
75,189,96
75,191,71
75,194,89
75,197,88
76,77,27
76,78,73
76,82,6
76,83,25
76,86,89
76,87,38
76,88,71
76,89,54
76,91,75
76,93,12
76,94,58
76,101,30
76,102,22
76,104,32
76,105,51
76,106,93
76,107,94
76,110,15
76,112,65
76,114,59
76,118,82
76,121,74
76,129,65
76,131,6
76,132,57
76,134,40
76,138,5
76,139,13
76,140,71
76,143,67
76,146,50
76,149,84
76,152,85
76,153,24
76,157,65
76,159,79
76,161,78
76,162,20
76,163,63
76,167,20
76,168,37
76,169,69
76,170,51
76,180,20
76,185,46
76,189,21
76,191,72
76,193,93
76,194,30
76,195,90
76,198,31
77,78,49
77,81,26
77,87,23
77,91,75
77,97,40
77,98,69
77,99,32
77,100,49
77,101,18
77,107,76
77,110,14
77,112,39
77,113,84
77,114,38
77,115,69
77,117,72
77,118,56
77,119,43
77,121,52
77,130,36
77,132,31
77,134,18
77,136,44
77,137,60
77,138,29
77,140,45
77,144,28
77,148,14
77,149,74
77,151,54
77,152,65
77,154,15
77,157,66
77,159,75
77,160,21
77,161,79
77,165,26
77,167,45
77,169,60
77,170,30
77,174,21
77,176,54
77,177,13
77,178,66
77,179,22
77,180,11
77,184,23
77,188,31
77,190,47
77,193,69
77,194,6
77,195,69
77,196,54
78,83,53
78,88,21
78,89,39
78,90,50
78,91,69
78,93,63
78,94,32
78,96,41
78,100,21
78,114,14
78,117,32
78,119,90
78,120,25
78,122,80
78,126,80
78,128,53
78,131,79
78,132,19
78,133,66
78,135,27
78,138,77
78,141,29
78,142,8
78,149,48
78,150,78
78,154,62
78,155,50
78,159,61
78,160,45
78,164,59
78,165,28
78,166,65
78,167,84
78,172,31
78,174,71
78,177,36
78,178,37
78,181,44
78,183,39
78,187,34
78,195,21
78,196,8
78,197,9
79,87,34
79,91,41
79,92,0
79,93,24
79,97,86
79,101,59
79,104,64
79,109,11
79,110,44
79,114,54
79,115,86
79,119,45
79,120,43
79,123,10
79,129,50
79,136,80
79,137,16
79,138,40
79,141,70
79,143,69
79,154,36
79,157,31
79,160,27
79,163,73
79,165,42
79,167,26
79,168,59
79,172,69
79,174,45
79,177,49
79,179,57
79,182,80
79,183,29
79,186,12
79,191,61
79,193,88
79,196,67
79,198,48
80,84,87
80,93,66
80,95,77
80,98,112
80,108,83
80,110,48
80,112,51
80,114,63
80,118,61
80,120,63
80,121,71
80,123,79
80,126,86
80,129,80
80,132,48
80,136,42
80,138,63
80,139,76
80,146,94
80,148,40
80,156,96
80,158,99
80,159,114
80,160,64
80,161,120
80,163,38
80,165,60
80,167,84
80,170,59
80,171,75
80,172,96
80,175,82
80,176,69
80,178,98
80,179,42
80,181,25
80,185,55
80,186,82
80,187,65
80,190,91
80,191,76
80,192,78
80,193,77
80,196,75
80,197,57
81,84,55
81,86,42
81,90,31
81,91,77
81,94,11
81,105,71
81,106,44
81,107,57
81,108,56
81,112,13
81,115,45
81,118,30
81,121,31
81,123,52
81,124,28
81,128,49
81,134,16
81,135,46
81,136,20
81,138,55
81,140,20
81,141,52
81,145,41
81,147,39
81,149,65
81,151,29
81,152,45
81,153,77
81,156,67
81,157,69
81,159,72
81,160,33
81,161,81
81,164,47
81,167,68
81,169,53
81,170,18
81,171,34
81,172,54
81,183,31
81,185,15
81,186,50
81,187,27
81,189,47
81,191,34
81,192,36
81,193,43
81,197,19
82,86,84
82,88,68
82,89,48
82,90,68
82,91,68
82,95,11
82,100,73
82,102,24
82,103,59
82,104,36
82,105,45
82,107,88
82,111,63
82,113,101
82,114,54
82,116,46
82,117,83
82,122,40
82,126,20
82,129,59
82,132,54
82,133,34
82,136,69
82,137,45
82,138,12
82,141,81
82,142,60
82,144,28
82,150,46
82,151,74
82,154,10
82,163,61
82,168,37
82,172,81
82,173,70
82,174,16
82,175,23
82,176,73
82,177,36
82,179,45
82,180,21
82,183,32
82,185,41
82,190,31
82,191,66
82,193,88
82,198,29
83,85,20
83,86,69
83,87,16
83,88,58
83,89,29
83,92,21
83,96,56
83,102,39
83,111,65
83,112,49
83,114,39
83,120,27
83,121,53
83,126,27
83,131,30
83,133,23
83,136,60
83,141,62
83,143,51
83,147,39
83,149,58
83,152,63
83,153,44
83,154,20
83,155,70
83,156,27
83,157,42
83,159,54
83,161,56
83,162,7
83,163,53
83,165,25
83,172,63
83,173,54
83,175,39
83,177,29
83,178,53
83,184,48
83,189,39
83,190,22
83,192,34
84,86,75
84,88,71
84,89,25
84,103,30
84,104,65
84,106,80
84,108,12
84,109,3
84,115,78
84,117,63
84,119,51
84,125,44
84,126,26
84,129,42
84,130,8
84,131,40
84,133,5
84,138,44
84,139,41
84,140,65
84,141,61
84,142,53
84,143,62
84,147,57
84,151,69
84,156,12
84,158,48
84,160,23
84,161,39
84,166,7
84,167,33
84,170,41
84,173,61
84,174,47
84,175,44
84,178,48
84,179,52
84,181,80
84,182,72
84,184,66
84,185,40
84,190,8
84,191,53
84,195,70
84,196,59
84,197,62
84,198,46
84,199,37
85,87,37
85,88,78
85,90,82
85,92,17
85,93,14
85,105,32
85,107,89
85,109,26
85,111,77
85,112,70
85,114,60
85,115,93
85,117,83
85,119,28
85,121,74
85,128,29
85,129,60
85,130,21
85,133,23
85,136,80
85,137,32
85,138,23
85,140,75
85,142,66
85,144,30
85,146,36
85,150,33
85,153,27
85,154,25
85,159,65
85,161,61
85,169,59
85,175,21
85,176,78
85,180,36
85,185,48
85,187,39
85,188,7
85,189,40
85,192,53
85,196,75
86,88,31
86,89,51
86,90,60
86,91,77
86,96,54
86,101,81
86,102,108
86,103,59
86,108,82
86,109,72
86,110,80
86,111,72
86,114,30
86,115,3
86,116,38
86,119,107
86,124,34
86,127,58
86,131,96
86,132,35
86,134,49
86,136,36
86,139,101
86,140,22
86,144,59
86,145,83
86,146,70
86,147,81
86,150,90
86,154,78
86,155,59
86,156,86
86,159,66
86,161,80
86,164,75
86,166,78
86,167,100
86,171,43
86,172,28
86,173,14
86,175,107
86,176,11
86,179,45
86,185,43
86,188,84
86,191,21
86,192,39
86,194,67
86,197,22
86,198,63
87,89,22
87,90,56
87,91,53
87,102,55
87,106,57
87,107,56
87,108,31
87,111,57
87,115,56
87,116,14
87,117,52
87,119,55
87,120,11
87,121,37
87,126,43
87,127,7
87,130,21
87,131,44
87,138,43
87,140,38
87,143,35
87,146,31
87,148,22
87,150,48
87,155,59
87,157,45
87,158,43
87,161,57
87,163,39
87,166,35
87,167,47
87,168,34
87,174,39
87,175,54
87,178,43
87,179,24
87,180,33
87,182,50
87,183,5
87,190,35
87,194,29
87,195,52
88,89,55
88,92,77
88,94,16
88,97,43
88,98,92
88,103,69
88,106,31
88,109,69
88,110,58
88,111,40
88,112,10
88,115,33
88,116,34
88,127,45
88,128,65
88,129,43
88,132,15
88,135,48
88,139,84
88,140,11
88,145,58
88,146,71
88,148,29
88,150,90
88,151,19
88,152,40
88,153,95
88,155,28
88,163,10
88,166,77
88,168,40
88,169,61
88,170,30
88,172,53
88,174,66
88,176,23
88,177,32
88,181,22
88,183,47
88,185,30
88,187,43
88,191,35
88,192,45
88,193,30
89,93,42
89,94,55
89,100,57
89,101,64
89,103,15
89,106,57
89,112,45
89,113,63
89,114,28
89,116,21
89,118,56
89,119,70
89,120,22
89,122,42
89,127,28
89,129,17
89,134,31
89,135,23
89,136,59
89,140,46
89,141,36
89,142,32
89,143,45
89,144,20
89,145,63
89,149,29
89,150,39
89,151,47
89,154,48
89,157,25
89,159,29
89,161,36
89,165,24
89,168,57
89,170,26
89,173,39
89,175,66
89,176,43
89,179,42
89,184,63
89,185,29
89,186,21
89,187,19
89,188,43
89,190,33
89,195,46
89,198,46
90,92,88
90,95,80
90,97,16
90,100,32
90,101,42
90,102,92
90,103,90
90,109,83
90,110,53
90,114,50
90,121,56
90,124,59
90,126,89
90,127,54
90,129,67
90,130,76
90,131,75
90,133,89
90,135,75
90,136,24
90,139,82
90,143,36
90,146,88
90,149,95
90,151,48
90,155,4
90,158,86
90,159,104
90,162,61
90,166,91
90,169,84
90,172,81
90,173,54
90,175,89
90,177,38
90,182,58
90,185,46
90,186,78
90,187,58
90,188,74
90,192,67
90,193,59
90,195,70
90,196,59
90,199,73
91,92,41
91,93,62
91,94,88
91,95,65
91,98,20
91,101,93
91,102,76
91,103,18
91,106,82
91,107,60
91,108,48
91,109,34
91,112,77
91,113,83
91,118,86
91,122,38
91,127,58
91,130,42
91,131,77
91,132,74
91,133,35
91,137,28
91,138,80
91,140,78
91,141,54
91,142,64
91,144,47
91,145,90
91,146,24
91,147,92
91,148,76
91,150,30
91,152,63
91,155,110
91,157,9
91,158,35
91,160,54
91,161,3
91,162,60
91,164,51
91,169,28
91,170,59
91,171,43
91,174,83
91,178,37
91,181,103
91,183,49
91,185,62
91,186,37
91,188,60
91,193,83
91,194,81
91,195,68
91,196,63
91,197,75
91,198,77
92,96,77
92,97,86
92,98,26
92,100,81
92,101,59
92,103,37
92,107,78
92,108,7
92,110,44
92,113,96
92,114,55
92,115,86
92,118,83
92,120,43
92,125,49
92,126,19
92,130,12
92,136,80
92,140,72
92,141,70
92,143,69
92,146,19
92,150,17
92,154,37
92,157,31
92,161,43
92,162,27
92,163,73
92,164,15
92,165,42
92,166,10
92,167,26
92,169,45
92,171,40
92,172,69
92,174,46
92,175,38
92,176,72
92,179,57
92,180,48
92,182,80
92,183,30
92,185,47
92,188,21
92,189,54
92,193,88
92,195,79
92,197,69
92,199,33
93,101,34
93,104,39
93,105,40
93,107,82
93,108,17
93,110,19
93,113,96
93,115,83
93,117,77
93,119,29
93,122,37
93,124,47
93,129,53
93,130,20
93,133,29
93,135,62
93,136,66
93,137,40
93,139,21
93,140,63
93,145,30
93,151,70
93,154,12
93,155,72
93,157,52
93,160,18
93,162,9
93,166,34
93,170,41
93,172,75
93,173,65
93,176,68
93,177,33
93,181,66
93,183,26
93,188,6
93,190,26
93,191,61
93,194,29
94,95,67
94,97,30
94,98,89
94,102,81
94,104,44
94,106,47
94,108,66
94,109,64
94,110,44
94,115,48
94,116,34
94,118,30
94,121,37
94,124,39
94,125,21
94,127,37
94,131,65
94,132,15
94,134,27
94,135,55
94,136,14
94,145,42
94,146,68
94,147,40
94,148,17
94,152,51
94,157,80
94,158,66
94,162,46
94,163,5
94,169,64
94,179,13
94,180,40
94,181,15
94,185,26
94,186,60
94,187,38
94,188,60
94,190,71
94,194,28
94,196,41
94,198,27
94,199,62
95,103,59
95,104,47
95,106,97
95,107,93
95,110,28
95,111,75
95,113,108
95,114,62
95,116,53
95,120,50
95,121,76
95,123,17
95,127,34
95,128,34
95,137,39
95,138,18
95,143,72
95,148,50
95,149,78
95,151,83
95,154,22
95,155,84
95,161,67
95,170,53
95,172,85
95,174,26
95,176,80
95,181,79
95,183,37
95,186,30
95,189,35
95,194,41
95,196,77
96,100,27
96,101,36
96,105,89
96,106,54
96,108,71
96,113,71
96,114,40
96,116,43
96,117,73
96,123,67
96,125,29
96,129,57
96,130,65
96,131,67
96,135,65
96,138,62
96,140,31
96,142,40
96,143,28
96,145,41
96,146,77
96,149,84
96,153,84
96,154,49
96,157,89
96,160,49
96,167,79
96,172,72
96,176,44
96,180,40
96,186,67
96,188,64
96,192,56
97,100,47
97,102,84
97,103,96
97,104,32
97,108,80
97,109,84
97,110,46
97,112,47
97,113,92
97,114,59
97,115,77
97,120,59
97,123,76
97,127,55
97,129,76
97,132,44
97,133,89
97,134,49
97,135,84
97,139,74
97,141,90
97,142,61
97,145,37
97,154,52
97,155,20
97,157,104
97,159,110
97,163,34
97,164,71
97,165,56
97,167,82
97,169,91
97,170,56
97,171,71
97,172,92
97,175,80
97,176,65
97,177,40
97,179,39
97,181,22
97,183,64
97,186,79
97,190,87
97,192,74
97,198,37
98,99,101
98,102,58
98,104,90
98,105,10
98,107,75
98,108,33
98,111,108
98,112,81
98,115,91
98,119,70
98,123,36
98,125,67
98,127,53
98,128,28
98,131,62
98,132,77
98,139,60
98,141,68
98,142,70
98,144,43
98,145,81
98,146,20
98,148,74
98,150,10
98,151,85
98,152,75
98,153,67
98,154,62
98,157,16
98,159,32
98,162,51
98,163,90
98,165,57
98,166,17
98,169,41
98,170,61
98,172,67
98,183,46
98,186,29
98,187,50
98,188,47
98,191,66
98,192,49
98,193,94
98,194,75
98,195,81
98,196,73
98,197,81
99,100,51
99,101,21
99,103,91
99,105,92
99,107,95
99,113,95
99,116,58
99,117,93
99,121,68
99,122,91
99,124,64
99,126,74
99,128,73
99,132,44
99,140,54
99,143,50
99,144,59
99,147,23
99,148,31
99,149,100
99,150,95
99,152,82
99,153,71
99,155,29
99,159,105
99,161,110
99,163,36
99,167,72
99,168,18
99,170,52
99,172,92
99,174,40
99,176,67
99,177,35
99,180,31
99,194,25
99,195,84
100,101,59
100,103,70
100,106,28
100,113,45
100,114,29
100,115,29
100,116,37
100,121,27
100,123,74
100,125,33
100,126,89
100,127,49
100,132,19
100,133,80
100,135,48
100,136,8
100,137,89
100,138,79
100,140,11
100,142,25
100,145,63
100,149,69
100,150,93
100,152,38
100,156,86
100,158,60
100,160,54
100,161,92
100,165,38
100,166,80
100,167,91
100,170,33
100,172,51
100,173,24
100,176,22
100,178,58
100,179,27
100,184,39
100,188,75
100,191,34
100,192,46
100,193,26
100,197,13
101,108,52
101,109,60
101,111,33
101,113,99
101,114,55
101,116,52
101,118,68
101,120,48
101,122,72
101,126,53
101,128,58
101,129,67
101,130,51
101,131,35
101,133,63
101,135,78
101,136,53
101,137,75
101,138,28
101,139,42
101,142,59
101,146,68
101,149,92
101,150,77
101,153,50
101,156,66
101,158,85
101,162,33
101,164,44
101,167,50
101,168,14
101,171,59
101,174,18
101,175,48
101,179,36
101,183,46
101,185,42
101,186,56
101,187,46
101,188,40
101,191,70
101,192,63
101,194,14
102,103,72
102,104,53
102,106,112
102,107,108
102,108,30
102,111,85
102,113,124
102,125,64
102,131,16
102,133,41
102,134,60
102,138,22
102,141,101
102,142,83
102,145,46
102,149,92
102,150,47
102,151,98
102,154,34
102,155,96
102,156,38
102,158,89
102,159,83
102,163,85
102,164,34
102,169,79
102,171,68
102,174,33
102,176,96
102,179,70
102,181,92
102,182,105
102,188,23
102,189,41
102,191,88
102,192,73
102,193,112
102,195,107
102,198,53
103,104,86
103,105,31
103,106,65
103,107,45
103,108,42
103,109,27
103,113,67
103,116,36
103,117,39
103,121,47
103,122,41
103,124,32
103,128,25
103,135,27
103,137,31
103,140,59
103,142,45
103,143,59
103,144,33
103,145,77
103,148,59
103,151,59
103,157,14
103,158,21
103,159,14
103,167,63
103,172,37
103,175,74
103,176,53
103,177,56
103,178,22
103,179,58
103,191,38
103,193,66
103,197,56
103,198,62
104,105,80
104,107,100
104,112,58
104,113,105
104,114,62
104,115,90
104,116,59
104,119,40
104,122,76
104,123,54
104,124,66
104,129,74
104,131,37
104,134,43
104,138,30
104,139,43
104,141,94
104,142,66
104,143,60
104,145,9
104,148,35
104,149,99
104,152,89
104,153,50
104,154,27
104,156,71
104,158,92
104,160,46
104,161,103
104,167,53
104,168,20
104,170,54
104,172,95
104,175,49
104,178,92
104,179,42
104,181,47
104,183,52
104,188,45
104,192,70
104,194,21
104,195,92
104,197,64
104,199,36
105,107,76
105,113,97
105,114,61
105,115,89
105,120,51
105,121,71
105,126,32
105,127,45
105,130,24
105,131,51
105,132,71
105,141,69
105,143,77
105,144,35
105,149,52
105,151,82
105,153,57
105,156,9
105,158,52
105,159,38
105,160,40
105,161,30
105,163,84
105,165,51
105,167,39
105,168,74
105,169,42
105,170,56
105,171,44
105,173,73
105,175,51
105,176,77
105,178,54
105,180,63
105,181,97
105,182,84
105,188,36
105,191,64
105,192,46
105,194,66
105,195,80
105,199,49
106,107,29
106,108,87
106,111,72
106,114,34
106,116,43
106,119,111
106,121,21
106,124,39
106,129,39
106,130,76
106,131,100
106,133,85
106,134,53
106,137,92
106,138,97
106,139,105
106,143,29
106,147,84
106,150,96
106,152,20
106,162,74
106,165,49
106,169,54
106,170,43
106,171,48
106,175,112
106,177,56
106,178,46
106,183,59
106,185,47
106,186,75
106,187,55
106,190,88
106,191,27
106,194,70
106,195,16
106,196,21
106,199,96
107,109,66
107,113,23
107,116,43
107,117,6
107,118,42
107,120,46
107,125,57
107,128,62
107,131,100
107,132,51
107,134,57
107,142,34
107,145,94
107,150,81
107,153,115
107,156,79
107,158,24
107,159,48
107,160,64
107,162,74
107,163,60
107,165,50
107,168,81
107,172,8
107,173,28
107,174,96
107,181,76
107,182,25
107,187,52
107,191,23
108,111,79
108,112,65
108,116,44
108,120,41
108,125,45
108,126,14
108,130,11
108,134,40
108,135,59
108,136,76
108,144,23
108,147,50
108,149,62
108,150,25
108,160,23
108,163,69
108,165,40
108,166,17
108,167,21
108,169,49
108,171,40
108,173,68
108,174,38
108,180,41
108,181,80
108,182,79
108,188,13
108,189,47
108,191,61
108,194,45
108,196,67
108,197,67
108,198,42
109,115,75
109,116,35
109,117,60
109,119,54
109,121,56
109,122,21
109,126,30
109,127,28
109,128,5
109,131,43
109,135,45
109,136,72
109,137,17
109,139,43
109,141,58
109,142,50
109,143,60
109,146,9
109,151,66
109,152,62
109,153,53
109,154,39
109,157,24
109,158,44
109,161,37
109,162,26
109,163,66
109,164,16
109,165,34
109,167,36
109,174,49
109,178,45
109,184,66
109,187,26
109,188,26
109,190,11
109,191,50
109,193,77
109,196,56
109,197,60
109,199,40
110,112,53
110,118,71
110,119,29
110,122,56
110,123,34
110,127,26
110,130,37
110,131,21
110,132,46
110,133,48
110,139,28
110,141,81
110,142,56
110,144,34
110,145,11
110,146,55
110,147,13
110,150,62
110,152,78
110,154,7
110,156,51
110,157,70
110,159,81
110,160,27
110,161,83
110,162,20
110,165,38
110,168,22
110,173,66
110,174,7
110,176,68
110,179,36
110,185,37
110,189,11
110,190,45
110,191,65
110,193,83
110,198,17
110,199,19
111,112,45
111,115,74
111,117,91
111,119,73
111,120,57
111,121,65
111,123,76
111,124,65
111,126,84
111,128,79
111,130,75
111,132,42
111,133,88
111,135,82
111,137,100
111,139,75
111,141,88
111,143,46
111,148,35
111,149,101
111,153,83
111,155,17
111,157,102
111,158,93
111,159,108
111,160,60
111,161,115
111,165,54
111,166,90
111,168,26
111,173,64
111,174,51
111,180,41
111,181,19
111,183,62
111,184,16
111,185,49
111,187,60
111,188,70
111,190,87
111,191,70
111,195,80
112,115,31
112,116,24
112,118,17
112,120,24
112,124,26
112,127,37
112,132,7
112,135,39
112,140,6
112,145,55
112,156,73
112,161,81
112,163,13
112,166,67
112,172,45
112,173,19
112,180,50
112,184,35
112,186,56
112,187,33
112,190,69
112,191,26
112,192,34
112,197,6
112,199,68
113,115,15
113,119,124
113,120,58
113,124,49
113,127,75
113,128,80
113,130,85
113,131,112
113,133,93
113,134,66
113,135,40
113,136,53
113,138,111
113,140,41
113,141,29
113,142,41
113,143,45
113,146,81
113,151,31
113,155,75
113,157,82
113,158,47
113,161,85
113,162,86
113,163,58
113,164,90
113,167,115
113,168,85
113,172,31
113,173,31
113,174,105
113,176,29
113,184,82
113,187,66
113,188,100
113,189,107
113,190,96
113,192,52
113,194,85
113,195,17
113,199,109
114,115,33
114,120,11
114,121,14
114,122,66
114,123,50
114,125,18
114,126,66
114,128,40
114,130,42
114,131,66
114,132,15
114,133,53
114,138,64
114,140,18
114,143,17
114,147,55
114,148,27
114,149,44
114,151,21
114,152,27
114,156,59
114,157,54
114,158,35
114,160,31
114,161,64
114,165,14
114,166,52
114,167,70
114,170,8
114,173,15
114,175,77
114,183,25
114,187,20
114,190,55
114,191,14
114,194,41
114,198,36
115,118,19
115,124,37
115,125,49
115,129,37
115,131,99
115,133,83
115,134,52
115,135,34
115,136,37
115,137,89
115,138,97
115,140,25
115,141,28
115,143,30
115,144,63
115,148,55
115,149,52
115,150,94
115,152,17
115,158,45
115,160,65
115,161,82
115,163,42
115,166,81
115,172,30
115,176,15
115,180,80
115,181,55
115,182,6
115,185,46
115,188,88
115,190,86
115,191,25
115,193,4
115,194,70
115,196,19
115,197,25
116,119,69
116,122,57
116,123,40
116,124,7
116,125,16
116,126,57
116,127,20
116,128,30
116,129,15
116,130,33
116,131,58
116,134,15
116,138,57
116,139,62
116,141,36
116,144,21
116,145,52
116,148,26
116,149,42
116,150,56
116,154,42
116,155,56
116,156,50
116,157,46
116,163,34
116,170,5
116,176,27
116,177,23
116,182,36
116,183,16
116,184,44
116,186,32
116,187,11
116,188,45
116,191,20
116,195,38
117,121,26
117,122,79
117,125,54
117,126,88
117,127,59
117,129,24
117,131,95
117,134,54
117,136,59
117,137,70
117,138,94
117,139,98
117,142,33
117,144,55
117,145,91
117,147,90
117,152,14
117,153,110
117,154,81
117,157,53
117,158,18
117,159,41
117,160,59
117,162,69
117,167,94
117,169,27
117,173,28
117,175,104
117,178,16
117,182,28
117,185,48
117,186,59
117,188,80
117,195,17
117,197,41
118,119,99
118,120,39
118,123,77
118,127,54
118,128,69
118,129,40
118,131,89
118,134,43
118,135,43
118,136,18
118,137,90
118,141,42
118,145,71
118,149,63
118,150,94
118,151,9
118,152,30
118,156,88
118,159,78
118,163,24
118,166,81
118,167,96
118,172,44
118,173,19
118,178,53
118,183,53
118,184,49
118,185,38
118,189,78
118,194,56
119,122,52
119,126,28
119,127,49
119,129,82
119,132,74
119,134,57
119,136,88
119,137,60
119,138,13
119,139,10
119,140,88
119,142,83
119,144,51
119,145,34
119,150,60
119,153,10
119,158,95
119,162,37
119,167,21
119,168,51
119,174,22
119,176,95
119,179,65
119,187,59
119,188,27
119,189,28
119,193,110
119,195,108
119,196,93
120,122,55
120,123,38
120,124,10
120,125,13
120,126,54
120,129,19
120,134,11
120,138,53
120,145,48
120,149,45
120,150,55
120,152,37
120,153,71
120,156,48
120,157,47
120,160,19
120,163,33
120,165,4
120,170,4
120,171,12
120,175,65
120,179,20
120,180,41
120,181,48
120,185,7
120,187,8
120,189,53
120,190,44
120,193,46
120,194,34
120,195,41
120,197,25
120,199,51
121,124,18
121,126,80
121,127,43
121,129,19
121,130,55
121,133,65
121,134,34
121,135,21
121,136,33
121,139,85
121,140,16
121,143,19
121,149,42
121,151,12
121,158,33
121,161,68
121,164,59
121,167,84
121,169,36
121,170,23
121,171,27
121,172,25
121,175,91
121,176,6
121,178,32
121,180,63
121,185,28
121,191,8
121,193,21
121,194,54
121,195,16
121,196,3
122,125,62
122,129,59
122,130,25
122,136,93
122,138,50
122,140,84
122,141,77
122,143,81
122,144,38
122,149,62
122,150,8
122,153,48
122,156,6
122,157,31
122,160,41
122,161,40
122,162,40
122,166,15
122,167,31
122,168,73
122,169,51
122,170,60
122,172,76
122,174,57
122,175,42
122,178,63
122,179,70
122,180,60
122,183,42
122,185,59
122,187,47
122,188,31
122,193,99
122,195,88
122,196,77
122,197,81
123,126,17
123,128,17
123,129,48
123,132,54
123,134,36
123,136,72
123,138,31
123,141,69
123,142,56
123,144,19
123,145,45
123,147,47
123,155,82
123,156,17
123,157,39
123,160,19
123,162,17
123,177,41
123,178,58
123,181,76
123,186,13
123,189,44
123,190,11
123,191,58
123,193,84
123,194,42
124,128,33
124,131,64
124,132,24
124,133,46
124,135,18
124,138,63
124,141,29
124,143,26
124,145,59
124,147,58
124,150,57
124,151,28
124,153,80
124,155,60
124,156,52
124,158,28
124,162,38
124,166,44
124,168,48
124,170,11
124,171,9
124,175,74
124,180,51
124,181,54
124,185,17
124,189,63
124,190,49
124,191,13
124,193,40
124,195,32
125,126,55
125,127,16
125,131,50
125,132,13
125,134,5
125,135,41
125,136,31
125,138,47
125,139,56
125,144,24
125,147,36
125,148,9
125,150,63
125,155,43
125,156,55
125,157,59
125,158,51
125,166,50
125,169,46
125,171,26
125,178,50
125,181,37
125,182,43
125,183,20
125,185,5
125,186,38
125,187,16
125,188,42
125,193,49
125,194,22
125,197,25
125,198,17
125,199,47
126,128,33
126,129,65
126,131,21
126,135,74
126,136,86
126,145,48
126,148,57
126,151,87
126,154,31
126,155,92
126,156,23
126,157,50
126,158,74
126,159,67
126,162,28
126,163,78
126,165,52
126,167,7
126,169,64
126,170,58
126,171,54
126,173,81
126,175,19
126,176,85
126,177,53
126,179,62
126,180,42
126,184,68
126,188,14
126,190,20
126,193,101
126,194,50
127,130,21
127,132,30
127,136,47
127,137,45
127,139,42
127,140,42
127,141,56
127,144,10
127,145,34
127,147,35
127,149,57
127,150,49
127,153,54
127,158,50
127,159,57
127,161,62
127,163,40
127,165,13
127,168,30
127,170,19
127,172,57
127,176,47
127,177,16
127,178,50
127,182,55
127,183,9
127,185,15
127,187,10
127,191,41
127,192,29
127,194,23
127,196,44
127,197,40
127,199,33
128,130,8
128,134,33
128,136,68
128,138,47
128,139,45
128,145,55
128,146,10
128,150,25
128,151,61
128,152,57
128,153,56
128,160,19
128,161,38
128,164,17
128,165,29
128,166,12
128,168,54
128,170,34
128,172,53
128,175,50
128,176,57
128,177,41
128,178,41
128,183,17
128,185,34
128,187,22
128,188,28
128,190,16
128,195,62
128,199,41
129,130,39
129,132,32
129,139,74
129,144,30
129,145,67
129,149,27
129,150,56
129,153,85
129,157,40
129,161,49
129,165,23
129,166,44
129,167,70
129,169,17
129,170,20
129,176,26
129,179,37
129,181,62
129,183,26
129,184,59
129,187,23
129,188,56
129,191,12
129,193,40
129,196,18
129,197,30
129,198,48
130,131,36
130,132,49
130,133,13
130,143,56
130,146,17
130,148,42
130,151,63
130,153,48
130,155,79
130,160,15
130,161,46
130,163,61
130,169,38
130,171,28
130,173,56
130,175,42
130,177,37
130,179,45
130,181,73
130,182,68
130,184,58
130,186,4
130,187,22
130,189,49
130,191,50
130,193,76
131,133,41
131,140,77
131,143,73
131,146,53
131,148,48
131,152,91
131,153,17
131,155,79
131,157,67
131,158,83
131,159,82
131,162,26
131,163,70
131,164,27
131,168,43
131,175,13
131,176,84
131,181,75
131,183,43
131,186,40
131,187,47
131,188,16
131,193,99
131,194,37
131,195,96
131,196,82
131,198,37
132,136,18
132,140,13
132,146,57
132,147,46
132,150,75
132,151,22
132,155,36
132,157,67
132,158,51
132,161,78
132,163,13
132,168,31
132,169,49
132,172,48
132,173,23
132,174,53
132,175,77
132,177,18
132,181,29
132,183,32
132,184,30
132,186,50
132,191,28
133,136,80
133,140,71
133,141,66
133,142,59
133,144,25
133,148,55
133,154,41
133,155,92
133,159,42
133,161,38
133,166,5
133,171,37
133,172,65
133,176,70
133,179,58
133,181,86
133,182,78
133,183,29
133,184,71
133,188,25
133,196,64
134,135,41
134,138,44
134,139,52
134,140,31
134,142,25
134,143,27
134,144,19
134,147,36
134,151,38
134,152,47
134,154,29
134,156,50
134,159,61
134,160,16
134,162,22
134,165,7
134,166,45
134,167,53
134,168,26
134,169,43
134,172,52
134,177,8
134,181,42
134,183,15
134,186,33
134,187,12
134,188,37
134,196,36
134,197,29
134,199,43
135,136,53
135,137,57
135,142,24
135,144,40
135,147,77
135,148,51
135,149,20
135,151,33
135,153,95
135,154,66
135,155,75
135,156,59
135,157,42
135,160,44
135,163,53
135,164,54
135,167,79
135,168,67
135,169,16
135,174,77
135,176,28
135,180,70
135,182,30
135,183,36
135,184,69
135,185,36
135,187,33
135,188,65
135,192,15
135,193,38
135,194,63
135,196,19
135,197,35
136,138,74
136,141,56
136,142,29
136,143,14
136,144,55
136,148,30
136,153,96
136,159,85
136,160,53
136,163,8
136,174,65
136,177,33
136,180,54
136,182,34
136,183,50
136,185,33
136,186,69
136,191,40
136,192,49
136,194,42
136,195,45
136,196,36
136,197,18
136,199,75
137,139,49
137,141,69
137,145,71
137,146,16
137,149,52
137,151,82
137,152,75
137,153,57
137,154,52
137,155,103
137,156,9
137,159,38
137,160,40
137,161,30
137,162,41
137,163,84
137,169,42
137,170,56
137,172,68
137,173,73
137,182,84
137,184,83
137,186,21
137,187,44
137,195,80
138,139,13
138,147,26
138,148,44
138,149,89
138,150,57
138,155,74
138,157,70
138,158,84
138,161,83
138,164,29
138,174,10
138,175,19
138,177,42
138,187,46
138,190,41
138,191,77
138,192,64
138,193,97
138,196,80
138,197,73
138,198,33
138,199,7
139,143,79
139,146,53
139,148,54
139,149,90
139,150,49
139,151,91
139,152,96
139,156,40
139,159,82
139,160,39
139,161,79
139,164,29
139,166,46
139,169,76
139,172,96
139,175,6
139,178,86
139,179,61
139,180,33
139,182,98
139,186,42
139,187,51
139,189,31
139,190,36
139,192,68
139,193,105
139,195,100
139,196,87
139,199,9
140,143,4
140,144,46
140,148,31
140,152,29
140,156,77
140,159,70
140,161,81
140,163,18
140,164,61
140,169,50
140,170,23
140,171,36
140,172,42
140,177,32
140,180,56
140,182,20
140,184,41
140,185,26
140,187,37
140,188,68
140,192,35
140,193,23
140,194,45
140,196,19
140,199,74
141,142,29
141,144,52
141,146,53
141,149,24
141,150,73
141,151,33
141,153,107
141,156,72
141,157,52
141,160,57
141,169,27
141,170,39
141,172,2
141,174,89
141,176,27
141,179,53
141,180,80
141,182,26
141,183,48
141,184,76
141,187,45
141,191,18
141,198,68
141,199,88
142,146,50
142,147,59
142,152,22
142,155,50
142,156,65
142,158,36
142,159,56
142,164,51
142,167,76
142,171,22
142,172,31
142,173,9
142,174,64
142,175,83
142,178,34
142,179,24
142,180,54
142,181,44
142,182,21
142,183,31
142,184,46
142,185,19
142,188,60
142,189,66
142,190,61
142,192,21
142,194,45
142,195,26
142,197,11
142,198,40
143,145,56
143,146,62
143,153,91
143,154,55
143,155,36
143,156,74
143,157,71
143,160,43
143,162,50
143,163,14
143,165,26
143,170,21
143,171,35
143,178,49
143,181,30
143,182,24
143,185,22
143,189,63
143,190,70
143,196,22
143,199,70
144,147,44
144,151,51
144,154,28
144,159,48
144,161,51
144,162,15
144,164,15
144,172,52
144,173,45
144,174,39
144,176,48
144,177,26
144,179,32
144,182,57
144,183,4
144,184,48
144,189,46
144,191,39
144,196,44
144,199,36
145,152,83
145,155,52
145,156,62
145,160,37
145,162,30
145,164,41
145,167,45
145,171,58
145,177,30
145,181,49
145,182,80
145,185,42
145,186,53
145,195,87
146,147,67
146,148,54
146,149,38
146,151,66
146,152,58
146,153,63
146,155,90
146,157,14
146,164,26
146,165,37
146,171,28
146,175,57
146,176,61
146,178,38
146,181,84
146,184,72
146,185,42
146,186,13
146,189,66
146,190,18
146,196,54
146,197,61
147,148,28
147,152,82
147,156,65
147,160,38
147,161,95
147,164,43
147,165,44
147,172,88
147,174,16
147,175,45
147,176,70
147,177,29
147,180,9
147,183,45
147,186,54
147,189,10
147,192,63
147,193,83
147,194,14
147,196,71
147,198,19
147,199,31
148,150,69
148,151,40
148,153,65
148,154,30
148,157,67
148,158,60
148,160,26
148,161,80
148,162,28
148,163,21
148,165,19
148,171,35
148,175,61
148,176,41
148,177,4
148,179,7
148,180,25
148,181,31
148,182,49
148,183,27
148,185,15
148,188,43
148,192,39
148,194,14
148,195,57
148,196,42
148,197,30
148,199,45
149,150,56
149,154,77
149,157,32
149,159,18
149,160,55
149,162,64
149,164,60
149,167,83
149,168,83
149,170,48
149,192,29
149,194,79
149,195,39
149,198,73
150,154,54
150,156,10
150,157,24
150,158,57
150,162,44
150,164,32
150,166,13
150,167,39
150,172,72
150,173,78
150,175,51
150,176,82
150,180,66
150,183,43
150,185,60
150,186,25
151,154,67
151,159,68
151,161,80
151,162,60
151,167,91
151,169,48
151,173,9
151,175,97
151,177,41
151,179,32
151,180,65
151,184,51
151,187,42
151,189,77
151,194,55
151,195,21
151,196,14
151,197,10
152,153,107
152,159,52
152,161,65
152,162,65
152,163,47
152,164,68
152,167,93
152,170,35
152,175,102
152,176,16
152,179,47
152,180,76
152,183,48
152,184,69
152,189,89
152,191,13
152,193,21
152,197,28
152,198,63
152,199,87
153,156,47
153,163,87
153,165,68
153,166,55
153,169,87
153,172,107
153,175,6
153,176,101
153,177,63
153,181,92
153,182,110
153,184,70
153,187,63
153,188,29
153,191,94
153,192,79
153,193,116
153,194,54
153,196,98
153,197,93
154,155,62
154,158,72
154,159,75
154,160,22
154,161,76
154,162,13
154,163,51
154,167,30
154,168,27
154,169,63
154,171,46
154,173,64
154,174,11
154,175,31
154,177,27
154,182,75
154,185,35
154,186,35
154,189,18
154,193,82
154,194,19
154,197,58
155,157,102
155,158,87
155,159,105
155,161,114
155,162,65
155,167,92
155,169,85
155,173,54
155,180,52
155,182,57
155,183,64
155,189,59
155,192,68
155,193,57
155,194,42
155,195,69
155,199,77
156,158,56
156,160,34
156,161,39
156,165,48
156,166,9
156,168,67
156,169,46
156,171,43
156,173,73
156,175,42
156,180,55
156,181,91
156,182,84
156,183,35
156,184,76
156,186,17
156,191,64
156,192,47
156,194,59
156,195,81
157,160,44
157,163,81
157,164,41
157,165,49
157,169,26
157,174,73
157,177,63
157,180,72
157,184,86
157,186,27
157,187,42
157,191,52
157,192,37
157,196,59
157,198,67
157,199,64
158,175,91
158,186,45
158,188,68
158,191,25
158,193,49
158,199,80
159,161,14
159,163,83
159,165,54
159,167,74
159,168,87
159,169,20
159,170,54
159,174,86
159,176,62
159,178,26
159,179,71
159,188,65
159,191,48
159,193,73
159,195,57
160,161,57
160,162,9
160,166,31
160,170,23
160,172,57
160,174,33
160,177,22
160,178,49
160,182,58
160,185,20
160,188,22
160,191,42
160,194,28
161,163,92
161,164,54
161,166,33
161,168,92
161,170,63
161,173,70
161,174,87
161,175,81
161,177,76
161,178,39
161,180,86
161,188,63
161,193,86
161,195,70
161,198,80
161,199,77
162,166,33
162,168,32
162,172,67
162,180,22
162,182,67
162,188,15
162,189,31
162,192,39
162,195,70
162,197,51
162,198,21
163,165,32
163,166,74
163,167,80
163,170,29
163,177,25
163,190,74
163,197,19
163,198,32
163,199,67
164,166,22
164,168,44
164,169,46
164,173,60
164,175,34
164,180,33
164,183,20
164,187,24
164,188,11
164,190,16
164,197,58
164,199,24
165,166,42
165,169,36
165,172,44
165,174,45
165,175,62
165,176,33
165,178,40
165,180,37
165,184,38
165,188,39
165,189,49
165,191,27
165,192,19
165,194,30
165,195,45
165,196,30
165,197,27
165,199,47
166,167,37
166,168,65
166,175,49
166,177,52
166,180,55
166,184,74
166,188,31
166,192,38
166,193,84
166,196,62
166,199,44
167,169,70
167,170,62
167,173,85
167,176,88
167,178,81
167,182,97
167,186,35
167,187,50
167,190,27
167,191,80
167,193,105
167,195,98
167,196,85
167,198,49
168,170,36
168,173,55
168,176,55
168,177,18
168,179,22
168,182,64
168,185,30
168,187,38
168,190,61
168,196,58
169,173,39
169,174,74
169,183,33
169,185,40
169,188,58
169,189,80
169,192,17
169,195,40
169,196,34
169,198,60
169,199,70
170,171,16
170,172,41
170,174,50
170,178,38
170,179,16
170,184,39
170,185,5
170,187,13
170,189,53
170,195,39
170,198,28
171,172,33
171,173,29
171,174,57
171,175,69
171,176,33
171,178,25
171,179,33
171,183,16
171,184,54
171,190,40
171,192,4
171,193,48
171,195,39
171,198,40
171,199,55
172,175,102
172,178,14
172,182,28
172,184,78
172,185,46
172,186,57
172,189,93
172,191,19
172,193,35
172,194,74
173,175,93
173,176,4
173,177,39
173,182,11
173,185,29
173,188,70
173,189,76
173,193,19
174,178,82
174,179,44
174,185,44
174,187,43
174,189,8
174,190,47
174,193,90
174,196,75
174,197,66
175,176,95
175,177,59
175,179,68
175,180,40
175,182,104
175,183,53
175,184,67
175,187,57
175,188,23
175,189,37
175,191,88
175,199,16
176,178,38
176,179,33
176,181,46
176,186,59
176,187,39
176,191,14
176,192,31
176,193,16
176,195,17
176,197,12
177,183,23
177,184,22
177,185,12
177,187,21
177,188,39
177,192,36
177,193,55
177,194,15
177,195,56
177,196,41
177,198,10
177,199,42
178,179,55
178,180,76
178,187,39
178,188,68
178,189,88
178,194,70
178,196,29
179,187,25
179,189,44
179,192,35
179,193,47
179,194,22
179,197,22
180,183,36
180,186,45
180,187,37
180,189,12
180,193,80
180,194,11
181,182,52
181,184,22
181,185,41
181,186,75
181,191,56
181,192,62
181,194,38
181,195,63
181,197,35
181,199,72
182,183,52
182,184,61
182,185,40
182,186,67
182,187,47
182,189,86
182,193,8
182,195,12
182,197,20
182,198,60
183,185,17
183,187,4
183,189,47
183,198,28
184,185,34
184,187,43
184,191,58
185,187,12
185,188,42
185,192,23
185,195,45
185,197,24
185,199,48
186,187,23
186,188,24
186,189,53
186,193,75
186,197,57
186,199,37
187,188,34
187,189,48
187,190,35
187,192,18
187,195,49
187,196,35
188,192,50
188,196,69
189,190,56
189,194,22
189,196,78
189,199,24
190,199,35
191,194,55
191,197,21
192,194,49
192,197,32
192,198,44
192,199,60
193,198,66
194,196,57
194,197,44
194,198,5
195,197,29
196,197,17
