# Every line that begins with # is a comment
# Landscape consists of 10 "squares" by 10 "squares" (like a chessboard), indexed from 0 through 9
# Vertices: Index, Square
0,56
1,11
2,23
3,30
4,54
5,31
6,36
7,36
8,7
9,93
10,1
11,68
12,87
13,50
14,82
15,74
16,93
17,52
18,29
19,78
20,75
21,39
22,18
23,30
24,33
25,28
26,48
27,29
28,62
29,73
30,46
31,52
32,35
33,39
34,33
35,39
36,90
37,55
38,72
39,57
40,22
41,66
42,75
43,58
44,90
45,58
46,57
47,73
48,45
49,63
50,94
51,38
52,55
53,22
54,54
55,65
56,29
57,55
58,20
59,28
60,94
61,24
62,62
63,70
64,50
65,79
66,58
67,95
68,66
69,98
70,5
71,1
72,94
73,10
74,93
75,21
76,86
77,13
78,6
79,58
80,99
81,68
82,98
83,31
84,83
85,47
86,58
87,34
88,32
89,99
90,13
91,53
92,60
93,9
94,25
95,68
96,29
97,44
98,45
99,81
100,21
101,15
102,51
103,86
104,52
105,69
106,54
107,42
108,6
109,87
110,82
111,24
112,57
113,33
114,10
115,50
116,8
117,36
118,92
119,86
120,50
121,15
122,16
123,44
124,53
125,72
126,30
127,52
128,14
129,14
130,51
131,82
132,68
133,92
134,5
135,29
136,37
137,17
138,40
139,5
140,12
141,81
142,26
143,55
144,21
145,37
146,85
147,75
148,12
149,87
150,14
151,69
152,52
153,55
154,6
155,53
156,30
157,52
158,48
159,14
160,40
161,77
162,34
163,90
164,84
165,75
166,89
167,85
168,69
169,46
170,91
171,90
172,60
173,87
174,13
175,56
176,96
177,29
178,90
179,65
180,94
181,40
182,86
183,57
184,19
185,73
186,45
187,60
188,71
189,37
190,21
191,36
192,66
193,14
194,8
195,99
196,24
197,79
198,60
199,98
200,82
201,26
202,55
203,76
204,15
205,28
206,55
207,71
208,5
209,38
210,67
211,7
212,47
213,46
214,1
215,61
216,69
217,14
218,73
219,99
220,25
221,20
222,70
223,26
224,97
225,32
226,99
227,85
228,6
229,53
230,69
231,74
232,21
233,23
234,59
235,53
236,80
237,14
238,91
239,70
240,21
241,31
242,4
243,3
244,23
245,31
246,4
247,4
248,9
249,46
250,28
251,43
252,57
253,60
254,53
255,27
256,86
257,62
258,49
259,81
260,68
261,29
262,26
263,21
264,1
265,83
266,38
267,89
268,13
269,41
270,87
271,16
272,74
273,39
274,15
275,0
276,36
277,27
278,27
279,50
280,36
281,84
282,89
283,60
284,83
285,21
286,48
287,44
288,44
289,97
290,92
291,78
292,95
293,7
294,88
295,22
296,87
297,77
298,54
299,56
300,98
301,42
302,65
303,16
304,64
305,61
306,10
307,10
308,28
309,73
310,52
311,48
312,54
313,26
314,48
315,77
316,76
317,1
318,40
319,74
320,14
321,6
322,57
323,41
324,32
325,36
326,47
327,72
328,39
329,97
330,58
331,3
332,82
333,84
334,3
335,31
336,34
337,86
338,79
339,99
340,1
341,69
342,11
343,73
344,52
345,23
346,11
347,74
348,15
349,21
350,4
351,95
352,7
353,41
354,30
355,4
356,79
357,65
358,52
359,69
360,39
361,16
362,80
363,75
364,42
365,29
366,51
367,29
368,42
369,82
370,35
371,15
372,81
373,23
374,37
375,61
376,64
377,62
378,42
379,91
380,35
381,18
382,17
383,36
384,20
385,87
386,12
387,79
388,43
389,9
390,36
391,99
392,75
393,21
394,92
395,50
396,34
397,81
398,49
399,56
400,19
401,52
402,63
403,43
404,2
405,41
406,24
407,41
408,75
409,47
410,48
411,65
412,54
413,62
414,84
415,1
416,80
417,26
418,33
419,30
420,76
421,9
422,16
423,31
424,40
425,16
426,29
427,78
428,58
429,41
430,49
431,16
432,0
433,91
434,9
435,1
436,98
437,4
438,98
439,62
440,45
441,64
442,8
443,39
444,71
445,81
446,87
447,43
448,75
449,56
450,62
451,9
452,66
453,55
454,63
455,41
456,51
457,23
458,44
459,26
460,3
461,1
462,15
463,23
464,53
465,54
466,66
467,34
468,54
469,45
470,63
471,51
472,66
473,54
474,8
475,83
476,44
477,34
478,11
479,51
480,69
481,52
482,10
483,42
484,43
485,22
486,10
487,13
488,80
489,6
490,67
491,86
492,19
493,69
494,37
495,87
496,26
497,88
498,42
499,31
500,34
501,48
502,23
503,90
504,93
505,43
506,75
507,29
508,49
509,47
510,23
511,25
512,2
513,71
514,19
515,29
516,36
517,63
518,27
519,88
520,74
521,34
522,30
523,11
524,77
525,14
526,44
527,53
528,99
529,73
530,56
531,79
532,16
533,83
534,87
535,63
536,81
537,44
538,38
539,70
540,87
541,56
542,8
543,78
544,81
545,2
546,41
547,32
548,54
549,30
550,14
551,94
552,64
553,37
554,96
555,29
556,67
557,71
558,55
559,81
560,9
561,62
562,22
563,12
564,99
565,74
566,67
567,91
568,39
569,91
570,15
571,46
572,13
573,18
574,73
575,64
576,82
577,12
578,97
579,90
580,92
581,67
582,40
583,21
584,52
585,42
586,84
587,85
588,70
589,25
590,61
591,65
592,88
593,62
594,94
595,45
596,21
597,60
598,94
599,41
600,46
601,8
602,80
603,79
604,29
605,44
606,90
607,83
608,93
609,98
610,98
611,37
612,19
613,1
614,8
615,46
616,30
617,29
618,53
619,81
620,88
621,61
622,91
623,2
624,58
625,17
626,7
627,3
628,84
629,27
630,82
631,18
632,21
633,89
634,23
635,57
636,93
637,32
638,52
639,94
640,34
641,64
642,14
643,21
644,75
645,83
646,92
647,34
648,24
649,52
650,80
651,17
652,19
653,55
654,10
655,2
656,67
657,83
658,19
659,63
660,42
661,92
662,66
663,98
664,35
665,10
666,14
667,9
668,76
669,26
670,1
671,61
672,24
673,32
674,48
675,57
676,8
677,36
678,13
679,58
680,19
681,22
682,19
683,97
684,99
685,80
686,26
687,65
688,49
689,1
690,29
691,66
692,69
693,1
694,41
695,46
696,13
697,84
698,35
699,67
700,54
701,20
702,19
703,46
704,40
705,52
706,45
707,20
708,2
709,30
710,51
711,11
712,46
713,79
714,59
715,96
716,72
717,75
718,89
719,25
720,64
721,79
722,20
723,22
724,99
725,96
726,7
727,79
728,44
729,93
730,13
731,10
732,33
733,53
734,61
735,97
736,70
737,2
738,68
739,43
740,76
741,63
742,67
743,38
744,34
745,3
746,21
747,4
748,46
749,4
750,53
751,83
752,4
753,51
754,8
755,6
756,18
757,88
758,5
759,54
760,42
761,8
762,84
763,28
764,80
765,32
766,47
767,70
768,99
769,28
770,33
771,92
772,25
773,68
774,16
775,25
776,48
777,27
778,53
779,5
780,32
781,76
782,61
783,94
784,83
785,34
786,8
787,44
788,87
789,20
790,65
791,57
792,98
793,17
794,6
795,47
796,85
797,5
798,45
799,56
800,85
801,25
802,68
803,32
804,9
805,68
806,87
807,31
808,30
809,32
810,77
811,86
812,83
813,1
814,80
815,10
816,73
817,10
818,53
819,15
820,12
821,3
822,73
823,70
824,42
825,38
826,67
827,22
828,36
829,86
830,58
831,69
832,86
833,35
834,37
835,80
836,27
837,70
838,46
839,75
840,88
841,53
842,84
843,36
844,68
845,92
846,27
847,65
848,1
849,24
850,69
851,82
852,8
853,44
854,76
855,66
856,52
857,12
858,70
859,36
860,56
861,71
862,95
863,90
864,98
865,55
866,35
867,27
868,22
869,47
870,44
871,9
872,89
873,64
874,19
875,78
876,93
877,60
878,17
879,43
880,42
881,49
882,18
883,15
884,81
885,93
886,8
887,61
888,56
889,47
890,29
891,97
892,54
893,9
894,69
895,26
896,41
897,74
898,12
899,32
900,40
901,92
902,37
903,29
904,83
905,73
906,17
907,93
908,88
909,50
910,89
911,80
912,91
913,83
914,48
915,17
916,40
917,84
918,3
919,94
920,97
921,86
922,62
923,82
924,15
925,8
926,0
927,75
928,54
929,9
930,34
931,72
932,96
933,88
934,44
935,56
936,71
937,38
938,12
939,85
940,19
941,24
942,18
943,75
944,67
945,51
946,86
947,25
948,75
949,2
950,10
951,43
952,33
953,60
954,69
955,28
956,68
957,89
958,86
959,84
960,44
961,5
962,74
963,44
964,7
965,70
966,76
967,98
968,21
969,24
970,42
971,65
972,34
973,62
974,5
975,57
976,99
977,46
978,50
979,17
980,14
981,3
982,79
983,68
984,34
985,78
986,60
987,45
988,55
989,84
990,71
991,82
992,43
993,8
994,92
995,65
996,29
997,85
998,24
999,2
