# Edges: fromIndex, toIndex, edgeCost
0,5,74
0,12,60
0,18,89
0,27,8
0,29,47
0,34,64
0,38,30
0,45,28
0,50,29
0,54,32
0,56,52
0,64,59
0,69,26
0,71,44
0,76,45
0,77,58
0,79,34
0,81,67
0,91,18
0,99,20
0,116,59
0,121,67
0,129,73
0,133,19
0,135,71
0,137,35
0,140,81
0,142,47
0,145,84
0,148,10
0,149,30
0,156,76
0,158,68
0,174,50
0,175,61
0,177,41
0,182,50
0,184,66
0,186,78
0,188,39
0,192,76
0,196,36
1,2,59
1,14,87
1,19,57
1,25,99
1,26,47
1,30,87
1,33,72
1,34,66
1,35,56
1,40,48
1,45,21
1,50,37
1,51,51
1,53,57
1,54,36
1,58,45
1,62,77
1,69,18
1,86,46
1,91,19
1,93,30
1,102,89
1,110,59
1,112,29
1,121,60
1,124,66
1,134,32
1,137,33
1,141,92
1,153,47
1,154,90
1,163,42
1,164,93
1,165,59
1,166,22
1,167,10
1,171,18
1,174,42
1,188,44
2,7,11
2,11,70
2,12,34
2,17,74
2,18,84
2,20,60
2,31,21
2,33,44
2,42,75
2,46,25
2,51,37
2,64,61
2,67,16
2,70,79
2,73,51
2,74,77
2,79,70
2,97,10
2,98,30
2,100,11
2,101,59
2,110,86
2,120,47
2,121,12
2,122,56
2,123,25
2,127,26
2,128,45
2,130,52
2,133,45
2,134,27
2,138,31
2,143,72
2,150,81
2,152,45
2,156,55
2,160,10
2,165,83
2,171,45
2,172,82
2,179,96
2,180,90
2,186,92
2,187,58
2,188,69
2,191,48
3,9,49
3,21,50
3,27,61
3,30,42
3,31,19
3,32,63
3,34,47
3,37,17
3,41,26
3,45,40
3,50,76
3,62,23
3,74,55
3,75,26
3,78,17
3,92,52
3,94,10
3,105,48
3,108,74
3,113,66
3,128,25
3,136,57
3,144,35
3,152,25
3,157,38
3,176,18
3,178,11
3,180,81
3,182,32
3,186,69
3,188,51
3,196,22
4,5,48
4,8,31
4,10,48
4,13,59
4,23,43
4,24,47
4,26,27
4,28,54
4,30,54
4,40,27
4,41,31
4,43,52
4,51,56
4,61,35
4,64,31
4,71,24
4,85,24
4,91,15
4,92,25
4,102,60
4,103,42
4,111,24
4,113,41
4,115,22
4,121,49
4,131,33
4,132,27
4,133,19
4,153,15
4,161,75
4,166,28
4,172,55
4,176,40
4,180,55
4,181,44
4,186,59
4,195,17
4,196,9
5,39,44
5,40,29
5,50,70
5,55,56
5,56,36
5,68,27
5,73,36
5,74,15
5,83,46
5,85,64
5,92,58
5,99,72
5,103,91
5,106,13
5,116,15
5,120,46
5,123,62
5,130,40
5,133,67
5,135,30
5,143,35
5,150,64
5,151,80
5,154,47
5,155,42
5,157,31
5,160,66
5,171,82
5,189,20
5,193,7
5,195,66
5,197,15
5,199,103
6,9,9
6,18,15
6,20,31
6,24,55
6,29,37
6,31,70
6,34,12
6,36,55
6,38,48
6,40,30
6,42,71
6,50,70
6,60,81
6,70,54
6,78,60
6,80,96
6,81,45
6,89,64
6,92,59
6,102,13
6,106,10
6,108,78
6,117,41
6,118,67
6,122,41
6,126,74
6,127,66
6,135,36
6,136,15
6,141,13
6,142,32
6,148,84
6,152,40
6,153,38
6,155,48
6,157,37
6,165,31
6,166,80
6,171,85
6,186,14
6,188,37
6,197,17
7,15,67
7,18,81
7,21,70
7,30,62
7,31,28
7,34,64
7,40,57
7,49,31
7,51,33
7,55,33
7,60,15
7,71,9
7,73,52
7,75,18
7,82,46
7,95,74
7,105,28
7,106,84
7,109,50
7,110,77
7,111,55
7,114,71
7,115,44
7,124,58
7,135,47
7,163,21
7,165,75
7,168,68
7,175,72
7,186,86
7,189,91
7,194,8
8,10,79
8,11,33
8,14,50
8,18,59
8,25,94
8,36,73
8,37,45
8,41,45
8,44,19
8,48,17
8,49,33
8,51,83
8,52,12
8,61,62
8,62,77
8,70,11
8,83,67
8,89,62
8,95,25
8,99,43
8,113,10
8,119,8
8,120,73
8,122,16
8,128,58
8,129,39
8,135,54
8,139,48
8,157,64
8,159,39
8,161,99
8,164,82
8,172,48
8,178,44
8,179,55
8,180,39
8,184,34
8,189,56
8,195,40
8,197,59
8,198,75
9,13,36
9,18,16
9,19,30
9,25,68
9,28,12
9,30,27
9,40,29
9,44,29
9,56,37
9,57,90
9,67,57
9,69,81
9,75,75
9,78,51
9,86,48
9,103,89
9,105,95
9,110,38
9,112,65
9,121,83
9,125,16
9,128,31
9,138,92
9,139,8
9,144,63
9,153,31
9,155,39
9,166,74
9,168,26
9,180,83
9,183,37
9,185,55
9,186,23
9,190,58
9,192,12
9,194,62
10,15,75
10,16,53
10,18,92
10,39,40
10,44,66
10,45,41
10,50,94
10,56,91
10,64,69
10,70,85
10,71,25
10,97,4
10,99,48
10,104,31
10,106,96
10,108,87
10,109,66
10,117,63
10,120,54
10,121,4
10,135,56
10,137,42
10,139,89
10,146,48
10,148,65
10,154,59
10,165,91
10,170,72
10,172,91
10,174,23
10,189,103
10,191,53
10,193,90
10,195,44
10,199,31
11,16,45
11,20,18
11,25,73
11,31,62
11,33,36
11,42,60
11,46,69
11,47,60
11,49,34
11,54,31
11,57,86
11,58,21
11,61,51
11,66,55
11,68,26
11,78,53
11,80,84
11,84,13
11,85,58
11,86,38
11,89,54
11,97,79
11,98,48
11,100,81
11,102,23
11,106,23
11,107,72
11,110,28
11,111,24
11,114,56
11,115,54
11,117,28
11,118,54
11,133,57
11,140,24
11,149,53
11,158,13
11,162,71
11,168,35
11,170,9
11,171,72
11,177,33
11,179,28
11,180,73
11,187,51
11,189,28
11,190,58
11,193,15
12,13,34
12,14,57
12,15,35
12,16,22
12,17,60
12,19,7
12,29,17
12,38,33
12,44,31
12,45,48
12,47,26
12,53,45
12,54,41
12,58,28
12,67,20
12,68,13
12,71,32
12,72,17
12,74,44
12,81,6
12,94,22
12,95,71
12,96,56
12,102,48
12,103,63
12,105,60
12,108,73
12,109,50
12,114,67
12,120,26
12,139,45
12,142,47
12,151,40
12,154,31
12,160,26
12,177,55
12,178,9
12,181,34
12,197,43
13,22,36
13,29,45
13,47,35
13,52,84
13,53,60
13,61,39
13,70,84
13,75,61
13,80,87
13,84,41
13,93,89
13,99,83
13,101,69
13,102,37
13,104,88
13,105,91
13,112,71
13,115,81
13,122,60
13,123,63
13,125,48
13,126,38
13,130,9
13,131,28
13,132,33
13,143,66
13,144,35
13,150,93
13,155,29
13,161,35
13,162,33
13,166,82
13,173,72
13,178,44
13,190,46
13,191,77
13,194,62
13,199,97
14,25,86
14,27,79
14,38,57
14,43,23
14,45,90
14,46,92
14,48,67
14,54,50
14,55,69
14,56,36
14,64,31
14,65,93
14,67,76
14,80,107
14,83,62
14,89,75
14,90,79
14,92,67
14,94,79
14,98,66
14,99,85
14,101,57
14,102,15
14,107,94
14,110,36
14,114,71
14,120,61
14,132,44
14,136,20
14,145,68
14,148,92
14,149,67
14,151,97
14,161,87
14,166,90
14,167,79
14,174,101
14,178,60
14,184,17
14,185,59
14,196,70
15,19,34
15,20,48
15,34,34
15,43,18
15,57,89
15,72,42
15,73,16
15,79,65
15,83,28
15,85,63
15,88,22
15,103,98
15,108,98
15,117,55
15,126,48
15,127,64
15,134,69
15,135,20
15,138,94
15,141,37
15,149,87
15,151,69
15,159,48
15,168,1
15,170,41
15,171,90
15,177,68
15,182,79
15,185,78
15,199,101
16,19,25
16,23,12
16,26,42
16,29,37
16,42,87
16,50,94
16,51,82
16,55,58
16,59,28
16,69,77
16,70,79
16,72,37
16,73,7
16,75,46
16,78,17
16,81,16
16,84,46
16,90,23
16,91,64
16,93,82
16,102,45
16,104,73
16,112,57
16,113,78
16,119,62
16,122,53
16,125,55
16,130,6
16,131,15
16,132,25
16,148,86
16,150,86
16,152,39
16,164,13
16,166,69
16,168,23
16,169,63
16,171,76
16,181,36
16,188,62
16,196,49
16,198,71
17,20,35
17,22,64
17,36,85
17,51,76
17,53,38
17,76,36
17,79,19
17,81,66
17,82,19
17,83,79
17,88,84
17,90,86
17,99,35
17,102,75
17,105,77
17,111,28
17,115,20
17,122,28
17,126,96
17,129,58
17,136,49
17,143,28
17,149,11
17,162,105
17,165,36
17,172,67
17,177,23
17,184,53
17,193,66
17,195,36
17,198,71
18,29,46
18,38,60
18,40,44
18,41,36
18,49,56
18,52,72
18,53,40
18,56,49
18,58,46
18,68,36
18,71,80
18,81,47
18,82,66
18,87,86
18,89,67
18,91,72
18,97,94
18,102,2
18,112,81
18,113,64
18,117,54
18,121,96
18,126,71
18,131,47
18,132,38
18,134,78
18,136,30
18,138,107
18,139,11
18,145,55
18,150,79
18,152,49
18,154,47
18,155,49
18,156,29
18,161,71
18,165,46
18,173,86
18,177,57
18,178,55
18,186,25
18,191,78
19,29,11
19,42,61
19,47,34
19,57,60
19,58,21
19,59,25
19,60,42
19,62,36
19,65,48
19,67,26
19,69,56
19,88,28
19,95,65
19,96,54
19,98,21
19,125,47
19,126,43
19,129,43
19,133,43
19,141,51
19,149,62
19,153,11
19,161,55
19,169,39
19,181,27
19,182,48
19,185,53
19,186,50
19,189,53
19,193,40
19,195,40
20,33,39
20,35,67
20,48,30
20,53,14
20,56,23
20,62,61
20,73,46
20,81,36
20,84,31
20,90,60
20,92,29
20,101,18
20,111,7
20,113,28
20,115,35
20,119,14
20,121,70
20,125,38
20,132,24
20,135,35
20,136,21
20,142,15
20,144,69
20,145,55
20,146,45
20,148,53
20,149,39
20,150,38
20,157,45
20,165,22
20,167,41
20,169,32
20,174,64
20,175,20
20,179,46
20,181,28
20,182,60
20,189,46
20,195,39
21,22,43
21,35,83
21,40,36
21,45,79
21,51,102
21,53,34
21,54,48
21,56,45
21,75,76
21,79,50
21,86,56
21,92,64
21,94,60
21,95,77
21,111,41
21,115,69
21,116,21
21,131,36
21,135,25
21,145,46
21,163,88
21,165,42
21,172,12
21,193,13
21,197,7
21,198,92
21,199,103
22,23,23
22,35,40
22,36,23
22,39,2
22,44,36
22,50,77
22,52,61
22,57,50
22,68,18
22,69,55
22,71,29
22,86,63
22,96,57
22,101,45
22,104,51
22,110,64
22,117,38
22,118,51
22,128,18
22,132,18
22,138,54
22,139,51
22,144,32
22,149,72
22,157,30
22,164,33
22,168,40
22,169,42
22,170,38
22,179,68
22,180,84
22,183,63
22,188,49
22,190,15
22,196,26
23,28,23
23,41,13
23,46,62
23,50,84
23,56,58
23,63,46
23,64,27
23,76,37
23,77,23
23,80,74
23,95,82
23,105,79
23,113,67
23,119,52
23,120,16
23,126,38
23,162,39
23,178,28
23,179,50
23,186,50
23,187,20
23,190,35
23,193,37
23,197,27
23,199,85
24,25,24
24,27,82
24,31,18
24,35,50
24,47,12
24,55,55
24,60,36
24,65,60
24,68,24
24,71,46
24,73,15
24,75,38
24,89,23
24,103,79
24,109,71
24,111,58
24,115,69
24,117,54
24,124,40
24,128,14
24,133,63
24,135,19
24,138,68
24,139,53
24,143,65
24,144,18
24,152,39
24,154,14
24,161,29
24,162,23
24,163,63
24,165,72
24,178,29
24,190,22
24,192,34
24,196,45
25,26,53
25,39,40
25,57,71
25,64,67
25,68,48
25,76,74
25,99,86
25,117,78
25,126,12
25,128,37
25,131,39
25,132,52
25,134,68
25,142,90
25,143,90
25,147,21
25,148,104
25,170,73
25,186,91
25,193,77
25,196,66
25,197,64
26,29,33
26,30,56
26,31,25
26,40,51
26,42,62
26,44,45
26,46,19
26,47,32
26,48,52
26,49,26
26,53,61
26,54,49
26,56,70
26,57,29
26,58,42
26,60,17
26,61,19
26,63,81
26,73,46
26,77,21
26,78,28
26,84,68
26,86,67
26,113,68
26,116,52
26,117,42
26,121,23
26,128,39
26,132,36
26,144,43
26,151,23
26,153,32
26,156,47
26,157,52
26,158,70
26,164,51
26,166,29
26,170,51
26,171,37
26,173,14
26,180,78
26,181,58
26,184,65
26,187,56
26,188,55
26,191,35
26,194,7
27,29,47
27,30,86
27,36,86
27,37,45
27,41,63
27,43,78
27,44,41
27,46,49
27,48,12
27,49,42
27,62,84
27,66,21
27,83,80
27,87,74
27,91,19
27,97,71
27,106,82
27,110,47
27,113,31
27,114,16
27,116,56
27,118,13
27,121,73
27,123,44
27,125,78
27,128,75
27,131,68
27,138,61
27,139,75
27,145,85
27,147,84
27,150,17
27,151,80
27,155,69
27,156,75
27,162,105
27,168,89
27,174,57
27,196,39
28,39,41
28,48,69
28,49,47
28,51,104
28,57,93
28,58,39
28,59,55
28,61,51
28,68,25
28,81,35
28,86,61
28,102,11
28,110,50
28,115,73
28,125,22
28,130,29
28,136,31
28,144,58
28,148,91
28,152,41
28,155,38
28,160,63
28,169,68
28,171,88
28,172,16
28,174,88
28,179,28
28,184,26
28,186,32
28,194,66
28,198,93
29,30,39
29,46,44
29,48,36
29,56,39
29,61,31
29,63,50
29,64,17
29,67,29
29,72,0
29,74,31
29,84,36
29,92,35
29,93,45
29,95,54
29,96,44
29,99,40
29,117,16
29,118,37
29,124,21
29,133,35
29,137,18
29,145,41
29,157,36
29,159,44
29,167,44
29,168,43
29,188,26
29,189,53
29,197,42
30,34,34
30,35,74
30,41,23
30,46,74
30,48,75
30,65,77
30,69,87
30,72,39
30,77,35
30,84,32
30,85,58
30,86,72
30,88,17
30,94,49
30,95,90
30,96,83
30,101,63
30,103,94
30,115,76
30,116,35
30,119,61
30,124,27
30,130,12
30,145,27
30,147,36
30,152,42
30,160,52
30,171,86
30,178,40
30,182,74
30,190,46
30,195,70
31,32,82
31,34,61
31,47,8
31,51,59
31,53,71
31,58,54
31,62,4
31,67,22
31,75,19
31,76,56
31,88,27
31,92,71
31,103,68
31,106,75
31,113,85
31,119,66
31,123,37
31,128,30
31,134,40
31,135,33
31,143,72
31,145,18
31,153,42
31,155,21
31,179,85
31,180,101
31,183,83
31,184,69
31,186,83
31,189,83
31,195,52
31,196,40
31,197,63
31,199,58
32,33,74
32,41,64
32,44,40
32,46,52
32,51,70
32,52,14
32,54,27
32,55,29
32,59,70
32,65,48
32,74,57
32,81,69
32,84,71
32,94,70
32,95,14
32,97,74
32,111,34
32,117,32
32,125,76
32,130,87
32,133,28
32,142,39
32,147,86
32,158,61
32,168,89
32,180,18
32,188,32
33,40,43
33,42,76
33,55,48
33,59,26
33,62,29
33,67,33
33,72,26
33,84,39
33,85,40
33,92,62
33,94,31
33,97,55
33,99,62
33,102,40
33,104,68
33,106,46
33,110,62
33,115,61
33,117,43
33,120,14
33,128,1
33,132,15
33,134,47
33,135,5
33,140,58
33,143,52
33,145,17
33,147,23
33,150,76
33,151,47
33,159,55
33,160,34
33,166,61
33,173,52
33,182,56
33,184,43
33,188,51
33,193,42
33,196,40
33,199,78
34,36,50
34,39,40
34,40,19
34,42,61
34,50,61
34,52,47
34,55,46
34,59,53
34,65,69
34,84,12
34,85,57
34,87,72
34,89,53
34,90,61
34,96,62
34,101,37
34,108,67
34,110,29
34,118,55
34,120,47
34,124,8
34,131,37
34,134,57
34,137,43
34,138,87
34,140,25
34,142,24
34,147,57
34,150,55
34,153,26
34,165,26
34,169,51
34,170,10
34,172,16
34,178,37
34,180,73
34,189,28
35,36,55
35,41,58
35,42,74
35,45,35
35,64,70
35,65,25
35,73,63
35,80,17
35,83,52
35,87,13
35,91,53
35,94,24
35,102,94
35,103,42
35,110,92
35,137,40
35,154,65
35,155,46
35,161,66
35,167,63
35,168,80
35,175,86
35,178,40
35,188,74
35,191,48
35,196,35
36,49,44
36,55,59
36,58,51
36,61,22
36,63,64
36,85,44
36,92,75
36,97,53
36,98,14
36,102,52
36,103,83
36,104,71
36,107,69
36,111,61
36,112,57
36,115,73
36,120,5
36,123,49
36,136,62
36,141,64
36,148,88
36,149,92
36,151,42
36,152,43
36,154,10
36,156,24
36,159,69
36,161,25
36,165,74
36,180,105
36,181,43
36,185,83
36,193,56
36,195,63
37,42,50
37,48,39
37,49,15
37,59,23
37,63,74
37,71,10
37,87,30
37,89,21
37,92,38
37,94,22
37,97,32
37,101,32
37,102,68
37,122,30
37,132,31
37,134,9
37,135,38
37,139,63
37,148,43
37,151,36
37,162,61
37,172,64
37,173,17
37,177,53
37,188,43
37,192,50
37,194,8
37,195,18
37,197,64
38,41,34
38,45,34
38,51,64
38,52,23
38,66,36
38,69,39
38,96,27
38,97,57
38,104,50
38,105,63
38,117,7
38,122,7
38,124,35
38,125,55
38,128,46
38,135,42
38,136,38
38,137,16
38,154,64
38,158,43
38,166,34
38,168,60
38,188,18
38,189,62
38,190,47
38,192,46
38,198,56
39,41,17
39,44,36
39,47,21
39,50,78
39,58,33
39,62,23
39,63,61
39,75,34
39,89,14
39,90,22
39,101,45
39,103,64
39,109,54
39,111,43
39,114,72
39,119,47
39,121,44
39,127,30
39,130,24
39,131,5
39,133,46
39,139,49
39,140,65
39,144,32
39,152,23
39,157,27
39,158,54
39,167,61
39,170,37
39,172,51
39,173,38
39,177,60
39,179,65
39,187,33
40,48,29
40,59,53
40,61,51
40,63,41
40,66,38
40,80,73
40,81,41
40,82,22
40,86,22
40,89,52
40,90,65
40,92,29
40,95,41
40,104,68
40,105,81
40,114,38
40,127,43
40,136,19
40,139,34
40,141,44
40,145,59
40,153,21
40,156,40
40,167,41
40,175,17
40,186,34
40,190,56
40,198,74
41,42,66
41,51,78
41,55,40
41,56,47
41,59,31
41,64,17
41,68,1
41,75,51
41,76,24
41,78,28
41,86,53
41,90,37
41,92,51
41,102,35
41,104,66
41,107,60
41,108,74
41,109,52
41,112,46
41,114,66
41,117,31
41,120,27
41,125,40
41,126,44
41,131,13
41,134,43
41,140,48
41,150,64
41,166,57
41,176,43
41,180,81
41,181,20
41,184,32
41,197,30
41,199,78
42,49,45
42,54,29
42,55,32
42,56,43
42,62,88
42,64,57
42,70,20
42,86,29
42,87,79
42,88,89
42,101,25
42,109,15
42,117,34
42,120,91
42,130,89
42,134,48
42,148,23
42,153,49
42,157,86
42,164,100
42,169,27
42,176,76
42,181,70
42,182,62
42,187,99
42,197,85
43,46,78
43,47,54
43,59,55
43,73,28
43,76,35
43,79,52
43,81,35
43,83,39
43,86,58
43,87,75
43,91,63
43,94,60
43,95,78
43,100,82
43,104,90
43,111,42
43,112,70
43,113,60
43,115,70
43,117,45
43,118,71
43,119,50
43,124,15
43,126,61
43,150,74
43,153,36
43,155,38
43,158,26
43,159,30
43,160,63
43,170,27
43,172,14
43,176,67
43,184,22
43,186,29
43,188,46
44,48,29
44,58,3
44,62,59
44,64,15
44,71,44
44,73,45
44,81,35
44,89,45
44,95,43
44,108,49
44,109,30
44,111,7
44,114,40
44,119,14
44,127,37
44,137,26
44,139,35
44,142,16
44,144,68
44,145,54
44,148,51
44,153,14
44,162,74
44,163,63
44,167,40
44,168,49
44,169,31
44,171,53
44,172,36
44,182,57
44,186,38
44,188,13
44,189,47
45,48,36
45,56,67
45,59,45
45,64,60
45,66,55
45,67,34
45,69,7
45,71,20
45,75,46
45,78,57
45,91,25
45,100,45
45,111,49
45,127,19
45,129,80
45,134,15
45,135,62
45,139,82
45,140,90
45,142,59
45,145,67
45,146,7
45,149,55
45,154,78
45,157,75
45,158,76
45,160,44
45,167,29
45,179,96
45,182,22
45,192,72
46,53,69
46,58,50
46,65,5
46,81,48
46,83,56
46,87,29
46,95,66
46,111,55
46,120,64
46,121,25
46,132,51
46,134,12
46,139,83
46,141,96
46,143,63
46,144,62
46,146,22
46,152,41
46,153,43
46,154,70
46,160,32
46,161,78
46,166,13
46,173,5
46,177,68
46,180,69
46,181,72
46,189,97
46,192,70
47,51,67
47,60,26
47,81,23
47,93,87
47,97,39
47,102,65
47,103,75
47,108,97
47,130,26
47,132,37
47,134,47
47,138,61
47,142,74
47,151,27
47,153,43
47,157,34
47,159,80
47,161,27
47,170,58
47,173,46
47,174,54
47,179,81
47,181,54
47,187,30
47,197,58
48,58,30
48,60,69
48,67,52
48,70,16
48,71,46
48,72,37
48,78,70
48,84,60
48,94,62
48,98,65
48,110,37
48,113,23
48,116,44
48,117,21
48,121,71
48,122,21
48,131,59
48,134,39
48,137,31
48,140,63
48,157,73
48,161,102
48,162,96
48,168,78
48,171,37
48,198,63
48,199,71
49,54,24
49,61,29
49,63,59
49,77,18
49,78,37
49,82,22
49,88,44
49,90,45
49,91,22
49,92,31
49,93,42
49,97,47
49,103,49
49,116,28
49,120,46
49,122,16
49,124,30
49,127,19
49,128,33
49,131,26
49,136,41
49,138,52
49,145,43
49,157,43
49,168,51
49,173,32
49,188,29
49,189,62
49,191,25
49,194,24
50,55,44
50,64,59
50,65,66
50,69,55
50,74,56
50,75,96
50,78,92
50,83,92
50,87,93
50,88,97
50,101,32
50,120,98
50,125,74
50,130,95
50,134,62
50,138,83
50,140,68
50,152,54
50,157,91
50,162,118
50,169,41
50,171,55
50,175,52
50,177,27
50,181,71
50,191,41
50,198,84
50,199,90
51,56,98
51,64,86
51,67,45
51,70,85
51,74,99
51,75,41
51,78,66
51,80,10
51,81,70
51,86,91
51,87,38
51,98,66
51,99,40
51,110,101
51,111,79
51,112,35
51,114,82
51,120,84
51,121,27
51,128,79
51,131,70
51,133,44
51,135,80
51,145,76
51,146,40
51,151,42
51,156,88
51,157,92
51,158,105
51,164,88
51,170,86
51,182,21
51,185,84
51,188,83
51,192,94
52,53,32
52,54,16
52,57,77
52,58,31
52,62,83
52,69,46
52,70,7
52,81,62
52,82,16
52,86,15
52,87,78
52,88,80
52,95,13
52,108,20
52,110,30
52,111,23
52,118,22
52,119,15
52,122,23
52,124,50
52,129,52
52,140,59
52,141,69
52,143,22
52,144,93
52,146,38
52,150,9
52,153,40
52,162,101
52,165,30
52,175,40
52,176,74
52,177,17
52,178,50
52,179,68
52,183,29
52,186,56
52,197,71
53,62,74
53,75,81
53,85,60
53,89,61
53,91,39
53,95,43
53,98,59
53,104,79
53,111,14
53,117,22
53,118,45
53,119,20
53,123,54
53,125,30
53,127,54
53,128,49
53,131,49
53,132,34
53,139,29
53,141,37
53,144,80
53,146,57
53,147,70
53,153,30
53,161,90
53,164,72
53,166,63
53,184,15
53,187,66
53,189,37
54,61,54
54,62,69
54,65,50
54,67,48
54,80,66
54,83,59
54,107,49
54,123,39
54,130,62
54,150,25
54,152,22
54,156,49
54,157,58
54,161,91
54,166,44
54,169,24
54,177,16
54,184,33
54,186,45
54,199,77
55,62,56
55,70,36
55,72,24
55,73,57
55,75,51
55,78,51
55,87,48
55,90,57
55,95,41
55,98,46
55,101,17
55,105,51
55,110,49
55,112,18
55,118,14
55,127,17
55,128,50
55,129,59
55,130,61
55,136,50
55,147,56
55,151,54
55,154,67
55,169,5
55,172,63
55,173,29
55,174,38
55,188,31
55,196,12
55,199,53
56,58,28
56,66,32
56,70,23
56,86,14
56,89,71
56,92,35
56,95,37
56,103,78
56,109,40
56,111,20
56,112,64
56,114,35
56,115,46
56,116,28
56,122,27
56,123,61
56,139,38
56,148,62
56,151,92
56,157,63
56,158,22
56,164,83
56,170,24
56,183,1
56,187,78
56,188,15
56,193,36
57,61,45
57,71,26
57,72,60
57,75,26
57,81,58
57,83,63
57,90,51
57,101,65
57,104,17
57,105,6
57,114,83
57,125,106
57,126,58
57,133,44
57,135,69
57,141,111
57,148,55
57,150,83
57,152,59
57,159,105
57,161,77
57,164,75
57,169,49
57,171,36
57,172,100
57,178,48
57,182,13
57,186,108
57,187,82
57,189,113
58,66,43
58,69,52
58,70,32
58,72,11
58,76,3
58,78,47
58,82,20
58,87,59
58,88,49
58,90,56
58,95,45
58,103,60
58,109,30
58,114,42
58,116,15
58,125,41
58,128,36
58,136,25
58,137,23
58,142,19
58,146,42
58,160,50
58,174,59
58,183,29
58,186,40
58,191,32
58,199,76
59,61,4
59,67,11
59,68,30
59,69,52
59,73,33
59,74,62
59,82,51
59,95,80
59,97,28
59,99,48
59,108,81
59,111,53
59,113,74
59,149,79
59,152,33
59,153,32
59,159,74
59,166,44
59,167,63
59,170,49
59,174,38
59,175,65
59,177,70
59,188,59
59,189,78
59,197,60
60,65,34
60,69,50
60,75,3
60,78,27
60,95,88
60,100,10
60,102,83
60,108,87
60,118,60
60,119,67
60,124,63
60,130,50
60,133,49
60,138,35
60,145,36
60,150,85
60,151,6
60,152,46
60,157,56
60,160,9
60,163,31
60,164,48
60,166,42
60,177,82
60,178,33
60,181,69
60,183,87
60,188,71
60,192,63
60,194,23
60,197,77
61,64,43
61,78,9
61,86,71
61,89,5
61,100,32
61,104,49
61,106,67
61,107,48
61,122,46
61,123,28
61,124,43
61,130,29
61,145,19
61,146,51
61,148,68
61,160,12
61,162,35
61,165,69
61,166,47
61,182,36
61,188,57
61,189,74
62,68,37
62,73,32
62,74,71
62,77,27
62,86,86
62,88,26
62,95,96
62,101,67
62,104,57
62,121,36
62,127,42
62,129,77
62,140,86
62,143,75
62,144,13
62,147,6
62,152,46
62,153,45
62,155,22
62,156,40
62,170,60
62,175,75
62,190,14
62,191,63
63,64,32
63,71,84
63,72,50
63,75,95
63,82,64
63,92,70
63,99,88
63,100,102
63,102,13
63,105,115
63,109,73
63,110,40
63,124,29
63,125,4
63,128,50
63,136,23
63,143,44
63,147,75
63,153,50
63,156,40
63,157,44
63,159,17
63,163,105
63,167,83
63,187,57
63,188,47
63,190,78
64,66,54
64,72,17
64,75,66
64,78,46
64,79,31
64,87,64
64,92,43
64,96,56
64,101,32
64,105,82
64,114,54
64,134,49
64,137,35
64,139,22
64,146,56
64,148,66
64,155,33
64,162,66
64,165,29
64,170,6
64,172,23
64,183,31
64,185,43
64,186,30
64,188,25
64,189,36
64,193,23
64,197,28
64,198,76
65,67,28
65,78,52
65,79,56
65,80,16
65,83,60
65,97,27
65,98,50
65,109,39
65,112,10
65,115,32
65,119,50
65,121,30
65,123,17
65,125,90
65,135,60
65,140,93
65,143,62
65,149,64
65,151,39
65,155,50
65,157,73
65,160,36
65,174,12
65,179,98
65,182,12
65,189,98
65,192,72
65,194,17
66,72,53
66,75,93
66,88,92
66,101,28
66,108,16
66,113,16
66,114,5
66,116,53
66,119,27
66,122,36
66,124,61
66,126,105
66,134,59
66,138,82
66,150,4
66,153,52
66,154,98
66,162,114
66,163,76
66,165,35
66,177,22
66,184,55
66,187,100
66,192,74
66,194,66
66,199,89
67,69,41
67,70,64
67,89,9
67,91,39
67,95,72
67,96,49
67,99,37
67,100,27
67,110,70
67,112,21
67,114,69
67,126,37
67,127,16
67,132,31
67,133,35
67,141,78
67,146,37
67,153,29
67,156,42
67,161,56
67,162,49
67,169,35
67,171,40
67,179,81
67,182,23
67,191,37
67,197,64
67,198,34
68,70,58
68,72,17
68,77,16
68,81,11
68,83,20
68,89,30
68,97,57
68,104,66
68,112,47
68,118,55
68,124,17
68,135,6
68,139,33
68,141,45
68,145,27
68,147,32
68,151,52
68,152,21
68,155,14
68,164,34
68,176,42
68,182,56
68,185,58
68,189,47
69,70,54
69,75,53
69,77,52
69,79,52
69,80,27
69,81,62
69,83,72
69,91,28
69,92,36
69,105,35
69,112,20
69,118,24
69,124,71
69,129,86
69,135,70
69,143,60
69,150,50
69,163,24
69,170,64
69,172,89
69,177,61
69,182,28
69,183,72
69,184,78
69,188,55
69,192,80
69,195,17
69,197,93
70,74,40
70,76,32
70,87,83
70,88,82
70,92,17
70,94,73
70,95,14
70,96,33
70,99,44
70,104,70
70,107,59
70,112,53
70,117,26
70,126,96
70,128,69
70,129,49
70,138,79
70,140,54
70,144,97
70,149,9
70,150,10
70,152,40
70,160,77
70,178,53
70,183,24
70,185,0
70,191,35
70,195,43
70,198,79
71,72,34
71,78,38
71,81,37
71,83,46
71,90,41
71,115,35
71,116,54
71,119,47
71,127,7
71,131,37
71,142,59
71,143,57
71,145,48
71,161,69
71,162,63
71,165,68
71,173,6
71,174,18
71,176,23
71,183,70
71,188,53
71,189,88
71,192,60
72,74,31
72,76,14
72,86,41
72,90,44
72,97,53
72,99,40
72,109,36
72,110,42
72,111,21
72,118,37
72,127,28
72,133,35
72,139,39
72,140,50
72,141,52
72,143,29
72,145,40
72,152,3
72,153,0
72,162,61
72,163,54
72,167,44
72,170,18
72,180,65
72,184,33
72,186,47
72,198,58
73,77,26
73,82,61
73,87,52
73,89,34
73,93,80
73,99,71
73,100,59
73,112,59
73,121,63
73,125,48
73,133,67
73,134,56
73,165,63
73,172,42
73,175,52
73,179,55
73,185,75
73,186,56
73,189,53
73,194,51
74,75,82
74,76,21
74,77,46
74,79,29
74,91,48
74,96,62
74,102,26
74,116,12
74,125,19
74,126,77
74,128,44
74,140,19
74,143,21
74,144,76
74,152,33
74,153,32
74,156,36
74,158,6
74,159,13
74,163,85
74,168,43
74,170,13
74,173,72
74,177,28
74,183,20
74,192,28
74,194,63
75,79,77
75,81,39
75,89,20
75,91,59
75,102,86
75,106,91
75,110,92
75,114,89
75,117,63
75,119,71
75,122,63
75,128,47
75,129,89
75,134,34
75,140,99
75,141,96
75,142,81
75,154,51
75,157,59
75,159,94
75,160,12
75,163,33
75,165,89
75,166,45
75,167,71
75,185,85
75,186,96
75,196,39
76,89,45
76,93,36
76,108,51
76,128,37
76,131,35
76,134,41
76,139,34
76,140,40
76,150,40
76,151,67
76,165,24
76,166,50
76,182,58
76,185,31
76,187,57
76,199,79
77,96,53
77,99,45
77,102,52
77,104,51
77,115,46
77,117,33
77,120,28
77,125,57
77,129,54
77,133,41
77,134,29
77,141,61
77,149,67
77,157,31
77,164,37
77,167,56
77,183,58
77,184,46
77,186,61
77,188,45
77,196,23
77,198,51
78,80,56
78,85,32
78,89,14
78,97,39
78,110,77
78,112,45
78,120,18
78,121,41
78,122,52
78,130,23
78,133,57
78,136,64
78,139,59
78,141,71
78,142,66
78,143,65
78,146,60
78,157,30
78,180,98
78,186,74
78,192,40
79,97,76
79,98,62
79,105,81
79,106,53
79,112,47
79,115,28
79,119,6
79,129,39
79,138,75
79,141,56
79,142,12
79,154,75
79,166,50
79,181,43
79,183,19
79,185,12
79,198,74
80,91,49
80,96,47
80,102,102
80,110,92
80,121,21
80,124,79
80,125,104
80,132,65
80,138,3
80,140,108
80,147,59
80,156,77
80,168,92
80,171,27
80,177,82
80,181,86
80,182,11
80,188,74
80,189,112
80,190,42
80,192,84
80,193,99
81,86,63
81,95,76
81,99,54
81,100,47
81,110,61
81,114,73
81,119,47
81,122,39
81,135,10
81,138,63
81,140,61
81,145,18
81,149,73
81,152,24
81,153,22
81,154,25
81,158,50
81,173,43
81,189,59
81,190,22
81,197,40
82,89,49
82,90,66
82,100,67
82,102,64
82,108,32
82,110,36
82,113,26
82,118,14
82,120,67
82,123,31
82,127,30
82,131,48
82,133,20
82,138,58
82,140,59
82,149,28
82,153,26
82,154,72
82,159,52
82,164,76
82,166,33
82,169,13
82,174,51
82,182,49
82,188,19
82,190,54
83,92,70
83,98,10
83,102,49
83,106,56
83,118,68
83,120,8
83,126,22
83,128,10
83,140,68
83,147,13
83,149,86
83,151,41
83,154,13
83,156,20
83,170,46
83,178,28
83,184,53
83,191,62
83,192,30
83,194,42
84,91,60
84,95,70
84,102,11
84,105,101
84,107,84
84,111,36
84,113,50
84,117,41
84,124,16
84,130,43
84,136,17
84,140,19
84,141,14
84,144,70
84,160,70
84,162,72
84,163,91
84,165,33
84,170,22
84,172,3
84,186,16
84,190,65
84,195,69
84,196,59
85,100,27
85,101,42
85,108,66
85,120,48
85,122,40
85,128,42
85,136,66
85,141,83
85,142,59
85,144,47
85,149,68
85,151,27
85,154,54
85,166,25
85,167,47
85,168,64
85,169,30
85,170,50
85,190,20
85,192,56
85,197,70
85,198,27
85,199,38
86,87,86
86,88,79
86,89,71
86,98,73
86,100,92
86,114,21
86,117,25
86,119,17
86,133,46
86,134,58
86,153,41
86,163,78
86,169,39
86,177,4
86,179,55
86,180,37
86,187,85
86,192,57
86,195,49
87,91,56
87,99,49
87,106,90
87,107,39
87,108,87
87,109,65
87,123,30
87,124,66
87,128,47
87,132,49
87,139,83
87,141,95
87,143,76
87,151,5
87,170,67
87,172,85
87,184,80
87,187,59
87,190,16
87,191,52
88,98,18
88,100,55
88,101,65
88,106,53
88,113,81
88,129,58
88,132,28
88,136,58
88,138,77
88,143,65
88,146,73
88,147,19
88,162,24
88,170,48
88,172,50
88,191,69
88,193,51
88,198,73
89,92,58
89,94,4
89,107,42
89,108,80
89,113,73
89,115,52
89,117,45
89,119,54
89,134,28
89,135,30
89,136,64
89,140,79
89,142,62
89,144,30
89,147,19
89,155,17
89,165,70
89,170,49
89,178,18
89,187,43
89,189,78
89,190,4
89,192,46
89,193,65
89,199,52
90,91,65
90,118,71
90,121,38
90,122,60
90,130,29
90,132,38
90,141,79
90,151,25
90,156,38
90,159,81
90,161,28
90,164,24
90,171,68
90,173,44
90,175,74
90,180,105
90,199,64
91,97,55
91,98,54
91,116,42
91,121,58
91,133,12
91,137,18
91,147,64
91,150,29
91,165,43
91,170,37
91,173,36
91,175,47
91,181,55
91,192,58
91,196,20
91,199,59
92,99,27
92,101,11
92,103,43
92,110,37
92,111,23
92,115,12
92,122,21
92,125,66
92,127,37
92,130,75
92,134,38
92,135,60
92,143,26
92,146,27
92,158,52
92,162,95
92,166,36
92,171,36
92,174,56
92,184,50
92,186,61
92,199,69
93,94,73
93,97,80
93,100,87
93,104,65
93,121,83
93,136,47
93,147,86
93,150,4
93,152,43
93,157,80
93,159,55
93,171,47
93,179,73
93,183,33
93,192,68
93,198,74
94,95,81
94,105,42
94,112,30
94,115,53
94,119,57
94,123,24
94,127,25
94,131,24
94,134,27
94,136,68
94,145,27
94,150,77
94,154,40
94,156,42
94,165,74
94,169,45
94,170,53
94,172,70
94,175,68
94,176,7
94,180,89
95,96,31
95,98,84
95,101,29
95,102,82
95,104,70
95,105,86
95,106,78
95,110,38
95,113,21
95,116,56
95,134,58
95,136,54
95,139,73
95,146,45
95,148,35
95,159,61
95,164,104
95,165,39
95,169,37
95,183,38
95,199,87
96,97,59
96,100,66
96,101,25
96,102,85
96,116,57
96,121,61
96,140,80
96,150,29
96,152,41
96,158,68
96,159,73
96,160,61
96,177,43
96,178,46
96,186,77
96,189,89
96,197,85
97,105,20
97,112,30
97,115,57
97,121,2
97,122,62
97,139,90
97,144,48
97,145,49
97,147,41
97,149,88
97,158,91
97,163,20
97,169,50
97,184,86
97,191,50
97,196,37
97,197,88
98,107,55
98,117,47
98,119,56
98,121,42
98,122,47
98,123,35
98,126,22
98,127,36
98,130,22
98,132,24
98,133,54
98,138,59
98,144,23
98,146,57
98,148,74
98,152,33
98,159,68
98,164,24
98,167,69
98,168,38
98,172,57
98,174,51
98,182,44
98,191,54
98,197,49
99,105,41
99,109,22
99,122,35
99,125,83
99,127,21
99,130,74
99,131,55
99,134,18
99,138,35
99,139,78
99,146,0
99,151,55
99,155,55
99,162,86
99,163,29
99,164,81
99,165,61
99,170,53
99,172,79
99,175,64
99,177,51
99,184,68
99,194,27
99,196,21
99,197,83
100,110,97
100,132,57
100,134,36
100,135,57
100,150,91
100,152,56
100,154,59
100,156,65
100,157,66
100,158,94
100,159,100
100,169,56
100,173,27
100,180,99
100,181,79
100,182,23
100,189,106
100,192,73
100,197,87
100,199,33
101,108,33
101,120,66
101,122,9
101,123,34
101,126,76
101,140,55
101,143,19
101,144,77
101,147,65
101,165,30
101,171,40
101,183,31
101,194,40
102,106,7
102,108,90
102,109,74
102,117,51
102,118,78
102,127,73
102,135,36
102,136,28
102,137,64
102,138,105
102,143,47
102,144,69
102,145,55
102,148,95
102,154,47
102,156,29
102,166,89
102,167,83
102,171,94
102,172,9
102,173,85
102,175,31
102,180,96
102,191,77
102,193,11
102,197,7
103,109,39
103,136,85
103,141,108
103,142,71
103,143,67
103,145,81
103,149,61
103,160,56
103,161,102
103,164,94
103,175,83
103,176,54
103,179,109
103,182,30
103,185,59
103,190,58
103,191,28
103,197,101
103,199,31
104,107,11
104,110,86
104,129,95
104,132,63
104,136,86
104,137,37
104,149,73
104,151,40
104,159,98
104,160,41
104,166,17
104,168,91
104,175,85
104,176,38
104,182,13
104,185,69
104,190,44
104,192,82
104,196,33
104,198,10
105,108,80
105,113,91
105,121,20
105,122,69
105,125,111
105,130,81
105,134,34
105,143,86
105,144,68
105,145,69
105,149,88
105,160,40
105,170,83
105,178,54
105,182,17
105,184,97
105,189,118
105,192,89
106,110,42
106,112,82
106,114,76
106,119,54
106,130,48
106,134,79
106,137,65
106,142,42
106,149,73
106,155,54
106,160,79
106,162,77
106,172,6
106,186,16
106,188,48
106,191,77
106,193,7
106,194,79
107,112,13
107,116,65
107,122,46
107,133,18
107,137,28
107,147,61
107,148,28
107,151,45
107,152,44
107,155,55
107,159,88
107,169,25
107,176,40
107,194,22
108,115,27
108,119,36
108,122,42
108,141,89
108,152,55
108,154,104
108,160,84
108,168,99
108,172,81
108,176,85
108,180,7
108,183,48
108,198,75
109,114,21
109,117,22
109,134,34
109,135,60
109,136,50
109,137,27
109,139,66
109,143,30
109,150,21
109,156,64
109,177,30
109,180,31
109,181,59
109,192,63
110,111,22
110,113,17
110,119,25
110,120,76
110,122,30
110,124,37
110,129,26
110,133,57
110,139,38
110,154,79
110,163,88
110,166,70
110,174,87
110,175,16
110,180,52
110,183,1
110,186,28
110,187,79
111,112,44
111,113,21
111,116,20
111,117,8
111,125,42
111,126,75
111,128,46
111,132,30
111,137,29
111,139,39
111,146,43
111,147,64
111,152,20
111,157,52
111,160,59
111,162,81
111,165,20
111,173,54
111,182,61
111,189,50
112,116,53
112,117,36
112,138,28
112,144,61
112,146,16
112,159,77
112,165,64
112,168,73
112,172,75
112,173,11
112,174,20
112,179,88
112,182,17
112,189,87
112,191,19
112,194,11
112,195,11
112,196,12
112,197,76
113,117,27
113,118,36
113,130,78
113,131,65
113,133,46
113,140,47
113,143,15
113,144,97
113,155,67
113,163,79
113,165,18
113,166,59
113,167,35
113,171,60
113,177,6
113,184,38
113,185,8
113,193,51
113,198,84
113,199,93
114,115,27
114,118,27
114,121,87
114,127,55
114,128,78
114,134,55
114,137,47
114,138,77
114,139,70
114,153,51
114,155,75
114,161,117
114,163,72
114,164,101
114,165,37
114,169,34
114,173,65
114,180,16
114,182,71
115,117,25
115,118,0
115,119,24
115,127,29
115,129,64
115,133,11
115,134,28
115,146,15
115,147,70
115,148,18
115,150,27
115,151,65
115,154,80
115,163,44
115,169,8
115,170,44
115,179,81
115,197,76
116,124,7
116,126,65
116,127,47
116,134,51
116,143,23
116,150,51
116,162,69
116,176,60
116,179,34
116,181,14
116,184,13
116,186,27
116,187,49
117,118,26
117,121,65
117,122,0
117,123,33
117,129,40
117,131,39
117,134,35
117,148,43
117,153,16
117,166,41
117,169,23
117,171,45
117,176,55
117,180,49
117,184,32
117,192,41
117,194,39
117,196,25
118,130,75
118,139,70
118,141,81
118,142,40
118,144,83
118,151,66
118,152,34
118,162,92
118,174,45
118,180,34
118,186,70
118,196,26
119,126,79
119,130,63
119,133,32
119,138,69
119,146,38
119,154,70
119,155,50
119,159,41
119,170,22
119,185,17
119,191,27
119,193,46
119,198,68
120,133,70
120,142,67
120,147,18
120,154,5
120,156,21
120,163,72
120,167,84
120,169,67
120,183,75
120,185,83
120,192,30
121,129,96
121,132,58
121,150,87
121,153,55
121,154,64
121,155,47
121,160,22
121,161,64
121,165,93
121,169,52
121,170,74
121,173,22
121,178,43
121,179,108
121,183,94
121,184,88
121,195,44
122,129,39
122,131,39
122,136,30
122,138,64
122,145,57
122,158,35
122,160,53
122,162,77
122,165,28
122,167,32
122,169,23
122,182,53
122,189,55
122,191,26
122,193,43
123,126,52
123,127,1
123,134,4
123,139,68
123,143,50
123,144,54
123,146,22
123,154,58
123,156,50
123,160,27
123,162,64
123,163,26
123,172,69
123,180,65
123,184,60
123,186,75
123,189,82
124,126,60
124,131,29
124,132,16
124,138,82
124,143,31
124,147,49
124,150,59
124,155,32
124,157,27
124,160,55
124,161,66
124,166,65
124,167,61
124,173,62
124,179,33
124,182,68
124,183,36
124,187,42
124,191,53
124,192,12
124,196,43
125,132,41
125,133,78
125,137,64
125,138,107
125,145,64
125,153,46
125,161,83
125,163,100
125,165,34
125,167,79
125,181,20
125,183,37
125,184,16
125,190,75
125,191,74
125,196,68
125,198,105
126,129,82
126,130,31
126,133,72
126,134,56
126,138,67
126,140,91
126,142,84
126,143,83
126,151,30
126,154,26
126,158,82
126,159,88
126,160,27
126,162,13
126,164,21
126,165,90
126,170,67
126,171,78
126,173,54
126,175,81
126,181,62
126,183,93
126,191,74
126,194,48
127,151,37
127,152,25
127,165,61
127,168,65
127,176,28
127,177,55
127,180,64
127,181,57
127,186,75
127,188,45
127,190,28
127,196,6
127,198,31
128,132,15
128,145,17
128,150,77
128,153,27
128,154,18
128,159,54
128,161,41
128,165,58
128,166,63
128,169,56
128,170,35
128,180,93
128,182,58
128,184,42
128,189,53
129,131,52
129,151,91
129,169,63
129,175,12
129,184,7
129,186,7
129,187,60
129,190,72
129,196,61
129,199,110
130,134,58
130,135,15
130,137,51
130,141,53
130,154,7
130,155,20
130,160,41
130,167,83
130,169,67
130,194,53
130,198,76
131,140,61
131,152,25
131,159,58
131,161,43
131,174,54
131,181,33
131,188,49
131,189,59
131,191,51
131,198,59
131,199,70
132,137,28
132,140,48
132,141,46
132,150,61
132,154,34
132,167,57
132,172,35
132,174,59
132,176,42
132,181,22
132,190,33
132,191,45
132,194,38
132,195,44
132,196,31
133,139,73
133,140,79
133,146,6
133,157,70
133,158,65
133,160,47
133,161,90
133,164,78
133,180,45
133,194,26
133,199,46
134,140,81
134,149,58
134,154,63
134,157,60
134,160,30
134,162,68
134,163,22
134,165,63
134,166,14
134,169,20
134,170,49
134,175,63
134,183,64
134,186,78
134,188,47
135,140,52
135,151,51
135,156,7
135,159,49
135,160,38
135,163,67
135,173,53
135,177,57
135,187,24
135,191,56
135,192,16
135,199,81
136,139,19
136,140,18
136,147,69
136,151,86
136,155,51
136,181,21
136,184,5
136,185,39
136,186,14
136,188,24
136,190,68
136,192,31
136,193,17
136,198,91
137,144,58
137,146,23
137,150,46
137,159,60
137,163,37
137,170,34
137,176,35
137,178,15
137,183,51
137,190,33
137,191,18
137,193,58
137,198,42
138,140,111
138,156,81
138,159,105
138,160,41
138,164,82
138,165,92
138,173,20
138,175,93
138,179,116
138,186,108
138,189,115
138,194,30
139,157,34
139,161,75
139,166,82
139,174,92
139,181,11
139,185,58
139,186,17
139,189,14
139,190,67
139,198,98
139,199,109
140,141,15
140,144,89
140,158,13
140,162,91
140,165,28
140,167,77
140,169,72
140,174,103
140,180,82
140,181,29
140,186,3
140,196,71
141,145,67
141,146,90
141,163,106
141,167,85
141,168,37
141,169,77
141,172,10
141,173,93
141,182,99
141,183,43
141,184,22
141,190,79
141,191,81
141,192,30
141,198,110
141,199,121
142,143,3
142,150,32
142,154,70
142,161,94
142,170,17
142,175,14
142,184,22
142,195,48
143,144,83
143,148,53
143,149,28
143,153,29
143,155,53
143,165,11
143,167,39
143,171,59
143,175,18
143,176,71
143,177,9
143,196,42
144,145,14
144,148,95
144,149,105
144,157,37
144,159,86
144,163,66
144,176,33
144,179,86
144,180,116
144,184,75
144,187,28
144,194,50
144,196,57
145,147,9
145,149,92
145,153,40
145,156,26
145,159,71
145,160,28
145,166,66
145,173,53
145,175,65
145,176,32
145,179,72
145,188,67
145,191,66
145,193,59
145,195,61
145,196,48
145,198,65
146,151,55
146,155,55
146,158,72
146,162,87
146,164,82
146,170,54
146,172,80
146,185,44
146,186,82
146,194,27
147,150,90
147,157,32
147,162,21
147,163,57
147,166,61
147,167,79
147,169,62
147,179,79
147,185,84
147,190,17
147,198,57
147,199,67
148,154,96
148,158,77
148,169,23
148,170,62
148,179,98
148,183,63
148,192,83
149,151,95
149,152,49
149,171,54
149,174,76
149,179,72
149,183,31
149,191,38
149,195,47
150,151,91
150,154,95
150,155,74
150,162,110
150,165,35
150,182,71
150,183,34
150,187,97
150,188,27
150,192,72
150,194,62
151,155,38
151,157,59
151,165,91
151,166,48
151,167,74
151,170,71
151,176,10
151,179,102
151,185,88
151,192,67
152,154,48
152,158,39
152,172,43
152,173,39
152,180,62
152,190,36
152,192,32
152,195,30
153,154,46
153,156,28
153,162,61
153,166,43
153,167,44
153,172,41
153,175,34
153,178,13
153,180,65
153,183,41
153,194,31
154,157,16
154,166,78
154,183,78
154,194,56
154,195,71
155,161,42
155,170,38
155,171,61
155,181,36
155,191,51
155,195,47
155,198,57
156,160,45
156,162,43
156,178,30
156,186,45
156,188,48
156,194,51
156,199,88
157,162,38
157,163,79
157,168,10
157,175,48
157,176,52
157,183,63
157,185,75
157,188,57
157,191,69
157,196,53
157,198,81
158,159,6
158,175,7
158,177,31
158,186,10
158,190,71
159,165,21
159,176,86
159,182,92
159,187,66
159,188,33
159,194,76
160,162,40
160,164,41
160,169,48
160,180,92
160,191,50
161,169,89
161,174,80
161,176,49
161,179,89
161,182,74
161,185,109
161,193,78
161,194,66
161,198,81
161,199,91
162,164,15
162,175,84
162,179,87
162,181,62
162,189,84
162,190,37
162,191,85
163,165,86
163,166,20
163,170,72
163,171,24
163,177,78
163,179,109
163,180,75
163,182,8
163,185,72
163,189,108
163,192,80
163,194,23
163,196,33
163,199,15
164,166,79
164,169,76
164,179,71
164,181,48
164,189,69
164,195,74
165,167,50
165,169,49
165,172,34
165,183,2
165,191,51
165,193,33
166,167,30
166,170,58
166,183,69
166,186,87
166,189,96
166,191,18
167,174,51
167,175,57
167,176,66
167,177,37
167,181,69
167,183,49
167,185,26
167,186,74
167,189,86
167,198,56
167,199,62
168,171,91
168,175,48
168,181,24
168,184,40
168,199,102
169,175,52
169,177,39
169,182,37
169,185,33
169,189,78
169,192,60
169,195,9
170,171,63
170,176,60
170,177,27
170,178,32
170,189,37
170,190,53
171,173,24
171,174,25
171,178,45
171,180,51
171,181,78
171,195,16
172,174,93
172,177,46
172,179,14
172,184,13
172,188,41
172,189,12
172,199,110
173,177,68
173,186,88
173,190,29
174,176,30
174,180,76
174,181,81
174,196,31
174,197,92
175,190,68
175,192,33
175,195,59
176,183,83
176,192,58
176,193,78
177,179,51
177,184,32
177,194,62
177,195,48
177,196,48
177,199,92
178,187,45
178,190,22
178,192,36
178,199,59
179,186,12
179,194,86
180,182,77
180,185,28
180,192,90
180,196,60
180,198,81
181,189,26
181,191,61
181,192,9
181,194,59
182,183,82
182,186,95
182,190,31
182,193,88
183,195,58
183,196,55
183,199,102
184,196,54
184,199,102
185,197,69
186,189,14
186,192,35
187,188,71
187,192,30
187,194,62
187,195,76
188,195,41
189,196,75
190,191,49
190,193,69
191,192,63
191,198,43
191,199,51
192,197,14
192,198,83
194,197,71
194,198,26
195,197,76
195,198,35
195,199,44
196,199,48
197,198,98
197,199,109
